DAY_START
8

DAY_END
23

SHIFT_INCREMENT
0.5

MIN_SHIFT_LENGTH
3

MAX_SHIFT_LENGTH
12

NIGHT_SHIFT_END_AFTER
20

MORNING_SHIFT_START_BEFORE
12

MAX_NUMBER_OF_WORKERS_IN_A_DAY
#Monday,Tuesday,Wednesday,Thursday,Friday,Saturday,Sunday
18,14,14,14,12,12,15

WORKER_NUMBERS
49

ROLE_NUMBERS
1

MAX_CONSECUTIVE_WORKING_DAYS
5

INCOMPATIBLE_SET
2
#ID
5,6
10,11


WORKER_INFO
#ID,hourPay,startTime,endTime,maxConsWorkingDays,maxWorkingHours,minWorkingHours,MaxWorkingHoursDay,MinWorkingHoursDay,MinWorkingDays,MaxWorkingDays
0,7.7,6,23,5,50,0,12,0,0,7
1,7.7,6,15,5,50,0,12,0,0,7
2,5.6,6,23,5,50,0,12,0,0,5
3,5.6,6,23,5,50,0,12,0,0,5
4,7.05,6,23,5,50,0,12,0,0,5
5,7.05,6,23,5,50,0,12,0,0,5
6,4.05,6,23,5,50,0,12,0,0,5
7,7.7,6,23,5,50,0,12,0,0,5
8,8.3,6,23,5,40,0,12,0,0,5
9,7.9,7,23,5,40,0,12,0,0,5
10,5.6,6,23,5,40,0,12,0,0,5
11,5.6,8,20,5,40,0,12,0,0,5
12,8.3,8,20,5,40,0,12,0,0,5
13,7.7,8,20,5,40,0,12,0,0,7
14,7.5,6,23,5,50,0,12,0,0,5
15,5.6,6,23,5,50,0,12,0,0,7
16,7.7,6,23,5,60,0,12,0,0,7
17,7.7,8,21,5,60,0,12,0,0,7
18,7,8,22,5,40,0,12,0,0,4
19,8,8,20,5,40,0,12,0,0,4
20,7,8,17,5,60,0,12,0,0,4
21,7.5,8,23,5,50,0,12,0,0,5
22,5.6,8,23,5,40,0,12,0,0,7
23,7.7,8,23,5,40,0,12,0,0,7
24,7.7,8,23,5,40,0,12,0,0,7
25,7,8,23,5,40,0,12,0,0,4
26,8,8,23,5,40,0,12,0,0,4
27,7,8,23,5,40,0,12,0,0,4
28,7.5,6,23,5,50,0,12,0,0,5
29,5.6,6,23,5,50,0,12,0,0,7
30,7.7,6,23,5,50,0,12,0,0,7
31,7.7,6,23,5,50,0,12,0,0,7
32,7,6,23,5,50,0,12,0,0,4
33,8,6,23,5,50,0,12,0,0,4
34,7,6,23,5,50,0,12,0,0,4
35,7.5,8,23,5,50,0,12,0,0,7
36,5.6,8,23,5,50,0,12,0,0,7
37,7.7,8,23,5,50,0,12,0,0,7
38,7.7,8,23,5,50,0,12,0,0,7
39,7,8,23,5,50,0,12,0,0,7
40,8,8,23,5,50,0,12,0,0,7
41,7,8,23,5,50,0,12,0,0,7
42,7.5,6,17,5,50,0,12,0,0,7
43,5.6,6,17,5,50,0,12,0,0,7
44,7.7,6,17,5,60,0,12,0,0,7
45,7.7,6,17,5,60,0,12,0,0,7
46,7,6,17,5,40,0,12,0,0,7
47,8,6,17,5,40,0,12,0,0,7
48,7,6,17,5,60,0,12,0,0,7

WORKER_DAYS_ON
#ID,Monday,Tuesday,Wednesday,Thursday,Friday,Saturday,Sunday
0,0,1,1,1,1,1,1
1,1,0,1,1,1,1,1
2,1,1,0,1,1,1,1
3,1,1,1,0,1,1,1
4,1,1,1,1,1,0,1
5,1,1,1,0,1,1,1
6,0,0,0,1,1,1,1
7,1,0,0,0,1,1,1
8,1,1,0,0,0,1,1
9,1,1,1,0,0,0,1
10,1,1,0,1,1,1,1
11,1,0,1,1,1,1,1
12,1,1,1,1,0,1,1
13,1,1,1,1,1,0,1
14,1,1,1,1,1,1,0
15,1,0,1,1,1,1,1
16,1,1,1,1,0,1,1
17,1,1,1,0,1,1,1
18,1,0,0,1,1,1,1
19,1,1,1,0,0,1,1
20,1,1,1,1,1,1,1
21,1,1,1,1,1,0,0
22,1,1,1,0,1,1,1
23,1,1,1,1,1,1,1
24,1,0,1,1,1,1,1
25,1,1,0,1,1,1,1
26,1,1,1,1,0,0,0
27,1,1,1,0,1,0,1
28,1,1,1,1,1,1,1
29,1,1,0,1,1,1,1
30,1,1,1,0,1,1,1
31,1,1,1,1,0,1,1
32,1,1,1,1,1,0,1
33,1,1,1,1,1,1,0
34,1,1,1,1,1,0,0
35,1,1,1,1,1,1,1
36,1,1,1,1,1,1,1
37,1,1,1,1,1,1,1
38,1,1,1,1,1,1,1
39,1,1,1,1,1,1,1
40,1,1,1,1,1,1,1
41,1,1,1,1,1,1,1
42,1,1,1,1,1,1,1
43,1,1,1,1,1,1,1
44,1,1,1,1,1,1,1
45,1,1,1,1,1,1,1
46,1,1,1,1,1,1,1
47,1,1,1,1,1,1,1
48,1,1,1,1,1,1,1

DEMAND
210
#weekday,interval,intervalIndex,role,demand
0,8-8.5,0,0,1
0,8.5-9,1,0,1
0,9-9.5,2,0,1
0,9.5-10,3,0,1
0,10-10.5,4,0,1
0,10.5-11,5,0,1
0,11-11.5,6,0,1
0,11.5-12,7,0,4
0,12-12.5,8,0,4
0,12.5-13,9,0,12
0,13-13.5,10,0,12
0,13.5-14,11,0,7
0,14-14.5,12,0,7
0,14.5-15,13,0,3
0,15-15.5,14,0,3
0,15.5-16,15,0,3
0,16-16.5,16,0,3
0,16.5-17,17,0,2
0,17-17.5,18,0,2
0,17.5-18,19,0,2
0,18-18.5,20,0,2
0,18.5-19,21,0,2
0,19-19.5,22,0,2
0,19.5-20,23,0,2
0,20-20.5,24,0,2
0,20.5-21,25,0,1
0,21-21.5,26,0,1
0,21.5-22,27,0,1
0,22-22.5,28,0,1
0,22.5-23,29,0,1
1,8-8.5,0,0,1
1,8.5-9,1,0,1
1,9-9.5,2,0,1
1,9.5-10,3,0,1
1,10-10.5,4,0,1
1,10.5-11,5,0,2
1,11-11.5,6,0,2
1,11.5-12,7,0,4
1,12-12.5,8,0,4
1,12.5-13,9,0,14
1,13-13.5,10,0,14
1,13.5-14,11,0,10
1,14-14.5,12,0,10
1,14.5-15,13,0,4
1,15-15.5,14,0,4
1,15.5-16,15,0,3
1,16-16.5,16,0,3
1,16.5-17,17,0,3
1,17-17.5,18,0,3
1,17.5-18,19,0,2
1,18-18.5,20,0,2
1,18.5-19,21,0,2
1,19-19.5,22,0,2
1,19.5-20,23,0,2
1,20-20.5,24,0,2
1,20.5-21,25,0,1
1,21-21.5,26,0,1
1,21.5-22,27,0,1
1,22-22.5,28,0,1
1,22.5-23,29,0,1
2,8-8.5,0,0,1
2,8.5-9,1,0,1
2,9-9.5,2,0,1
2,9.5-10,3,0,1
2,10-10.5,4,0,1
2,10.5-11,5,0,3
2,11-11.5,6,0,3
2,11.5-12,7,0,6
2,12-12.5,8,0,6
2,12.5-13,9,0,14
2,13-13.5,10,0,14
2,13.5-14,11,0,11
2,14-14.5,12,0,11
2,14.5-15,13,0,4
2,15-15.5,14,0,4
2,15.5-16,15,0,3
2,16-16.5,16,0,3
2,16.5-17,17,0,2
2,17-17.5,18,0,2
2,17.5-18,19,0,3
2,18-18.5,20,0,3
2,18.5-19,21,0,3
2,19-19.5,22,0,3
2,19.5-20,23,0,3
2,20-20.5,24,0,3
2,20.5-21,25,0,2
2,21-21.5,26,0,2
2,21.5-22,27,0,1
2,22-22.5,28,0,1
2,22.5-23,29,0,1
3,8-8.5,0,0,1
3,8.5-9,1,0,1
3,9-9.5,2,0,1
3,9.5-10,3,0,1
3,10-10.5,4,0,1
3,10.5-11,5,0,2
3,11-11.5,6,0,2
3,11.5-12,7,0,5
3,12-12.5,8,0,5
3,12.5-13,9,0,10
3,13-13.5,10,0,10
3,13.5-14,11,0,10
3,14-14.5,12,0,10
3,14.5-15,13,0,7
3,15-15.5,14,0,7
3,15.5-16,15,0,4
3,16-16.5,16,0,4
3,16.5-17,17,0,3
3,17-17.5,18,0,3
3,17.5-18,19,0,2
3,18-18.5,20,0,2
3,18.5-19,21,0,2
3,19-19.5,22,0,2
3,19.5-20,23,0,2
3,20-20.5,24,0,2
3,20.5-21,25,0,1
3,21-21.5,26,0,1
3,21.5-22,27,0,1
3,22-22.5,28,0,1
3,22.5-23,29,0,1
4,8-8.5,0,0,1
4,8.5-9,1,0,1
4,9-9.5,2,0,1
4,9.5-10,3,0,1
4,10-10.5,4,0,1
4,10.5-11,5,0,2
4,11-11.5,6,0,2
4,11.5-12,7,0,3
4,12-12.5,8,0,3
4,12.5-13,9,0,9
4,13-13.5,10,0,9
4,13.5-14,11,0,7
4,14-14.5,12,0,7
4,14.5-15,13,0,5
4,15-15.5,14,0,5
4,15.5-16,15,0,3
4,16-16.5,16,0,3
4,16.5-17,17,0,3
4,17-17.5,18,0,3
4,17.5-18,19,0,1
4,18-18.5,20,0,1
4,18.5-19,21,0,3
4,19-19.5,22,0,3
4,19.5-20,23,0,1
4,20-20.5,24,0,1
4,20.5-21,25,0,1
4,21-21.5,26,0,1
4,21.5-22,27,0,1
4,22-22.5,28,0,1
4,22.5-23,29,0,1
5,8-8.5,0,0,1
5,8.5-9,1,0,1
5,9-9.5,2,0,1
5,9.5-10,3,0,1
5,10-10.5,4,0,1
5,10.5-11,5,0,1
5,11-11.5,6,0,1
5,11.5-12,7,0,4
5,12-12.5,8,0,4
5,12.5-13,9,0,12
5,13-13.5,10,0,12
5,13.5-14,11,0,9
5,14-14.5,12,0,9
5,14.5-15,13,0,4
5,15-15.5,14,0,4
5,15.5-16,15,0,3
5,16-16.5,16,0,3
5,16.5-17,17,0,2
5,17-17.5,18,0,2
5,17.5-18,19,0,2
5,18-18.5,20,0,2
5,18.5-19,21,0,2
5,19-19.5,22,0,2
5,19.5-20,23,0,1
5,20-20.5,24,0,1
5,20.5-21,25,0,1
5,21-21.5,26,0,1
5,21.5-22,27,0,1
5,22-22.5,28,0,1
5,22.5-23,29,0,1
6,8-8.5,0,0,1
6,8.5-9,1,0,1
6,9-9.5,2,0,1
6,9.5-10,3,0,2
6,10-10.5,4,0,2
6,10.5-11,5,0,1
6,11-11.5,6,0,1
6,11.5-12,7,0,3
6,12-12.5,8,0,3
6,12.5-13,9,0,11
6,13-13.5,10,0,11
6,13.5-14,11,0,6
6,14-14.5,12,0,6
6,14.5-15,13,0,3
6,15-15.5,14,0,3
6,15.5-16,15,0,2
6,16-16.5,16,0,2
6,16.5-17,17,0,2
6,17-17.5,18,0,2
6,17.5-18,19,0,2
6,18-18.5,20,0,2
6,18.5-19,21,0,2
6,19-19.5,22,0,2
6,19.5-20,23,0,2
6,20-20.5,24,0,2
6,20.5-21,25,0,1
6,21-21.5,26,0,1
6,21.5-22,27,0,1
6,22-22.5,28,0,1
6,22.5-23,29,0,1

