DAY_START
8

DAY_END
23

SHIFT_INCREMENT
0.5

MIN_SHIFT_LENGTH
3

MAX_SHIFT_LENGTH
12

NIGHT_SHIFT_END_AFTER
20

MORNING_SHIFT_START_BEFORE
12

MAX_NUMBER_OF_WORKERS_IN_A_DAY
#Monday,Tuesday,Wednesday,Thursday,Friday,Saturday,Sunday
12,8,10,10,12,8,8

WORKER_NUMBERS
28

ROLE_NUMBERS
1

MAX_CONSECUTIVE_WORKING_DAYS
6

INCOMPATIBLE_SET
1
#ID
7,11


WORKER_INFO
#ID,hourPay,startTime,endTime,maxConsWorkingDays,maxWorkingHours,minWorkingHours,MaxWorkingHoursDay,MinWorkingHoursDay,MinWorkingDays,MaxWorkingDays
0,7.7,6,23,6,50,0,12,3,0,5
1,8.3,6,15,6,40,0,12,3,0,5
2,7.9,6,23,6,40,10,12,3,0,5
3,5.6,6,23,6,40,10,12,3,0,5
4,5.6,6,23,6,40,15,12,3,0,5
5,8.3,6,23,6,40,15,12,3,0,5
6,7.7,6,23,6,40,15,12,3,0,7
7,7.7,6,23,6,50,15,12,0,0,5
8,7.7,6,23,6,50,10,12,0,0,7
9,5.6,6,23,6,50,0,12,0,0,7
10,5.6,6,23,6,50,10,12,0,0,7
11,7.05,6,23,6,50,10,12,0,0,4
12,7.05,6,23,6,50,20,12,0,0,4
13,4.05,6,23,6,50,10,12,0,0,4
14,7.5,6,23,6,50,0,12,0,0,5
15,5.6,6,23,6,50,0,12,0,0,7
16,7.7,7,23,6,50,0,12,0,0,7
17,7.7,6,23,6,50,0,12,0,0,7
18,7,8,20,6,50,0,12,0,0,4
19,8,8,20,6,50,0,12,0,0,4
20,7,8,20,6,50,0,12,0,0,4
21,7.5,6,23,6,50,0,12,0,0,5
22,5.6,6,23,6,50,0,12,0,0,7
23,7.7,6,23,6,60,0,12,0,0,7
24,7.7,6,21,6,60,0,12,0,0,7
25,7,6,22,6,40,0,12,0,0,4
26,8,6,20,6,40,0,12,0,0,4
27,7,6,17,6,60,0,12,0,0,4

WORKER_DAYS_ON
#ID,Monday,Tuesday,Wednesday,Thursday,Friday,Saturday,Sunday
0,1,1,1,1,1,0,1
1,1,1,1,0,1,1,1
2,1,0,1,1,1,1,1
3,1,1,1,1,0,1,1
4,1,1,1,0,1,1,1
5,1,0,1,1,1,1,1
6,1,1,1,0,1,1,1
7,1,1,1,1,1,1,1
8,1,0,1,1,1,1,1
9,1,1,0,1,1,1,1
10,0,1,1,1,1,1,1
11,1,0,1,1,1,1,1
12,1,1,0,1,1,1,1
13,1,1,1,0,1,1,1
14,1,1,1,1,0,1,1
15,1,1,1,1,1,0,1
16,1,1,1,1,1,1,0
17,1,0,0,1,1,1,1
18,1,1,1,0,0,1,1
19,1,1,1,1,1,1,1
20,1,1,1,1,1,0,0
21,0,0,0,1,1,1,1
22,1,0,0,0,1,1,1
23,1,1,0,0,0,1,1
24,1,1,1,0,0,0,1
25,1,1,1,1,0,0,0
26,1,1,0,1,1,1,1
27,1,1,1,0,1,0,1

DEMAND
210
#weekday,interval,intervalIndex,role,demand
0,8-8.5,0,0,1
0,8.5-9,1,0,1
0,9-9.5,2,0,1
0,9.5-10,3,0,1
0,10-10.5,4,0,1
0,10.5-11,5,0,2
0,11-11.5,6,0,2
0,11.5-12,7,0,4
0,12-12.5,8,0,4
0,12.5-13,9,0,12
0,13-13.5,10,0,12
0,13.5-14,11,0,10
0,14-14.5,12,0,10
0,14.5-15,13,0,4
0,15-15.5,14,0,4
0,15.5-16,15,0,2
0,16-16.5,16,0,2
0,16.5-17,17,0,3
0,17-17.5,18,0,3
0,17.5-18,19,0,2
0,18-18.5,20,0,2
0,18.5-19,21,0,3
0,19-19.5,22,0,3
0,19.5-20,23,0,2
0,20-20.5,24,0,2
0,20.5-21,25,0,1
0,21-21.5,26,0,1
0,21.5-22,27,0,1
0,22-22.5,28,0,1
0,22.5-23,29,0,1
1,8-8.5,0,0,1
1,8.5-9,1,0,1
1,9-9.5,2,0,1
1,9.5-10,3,0,1
1,10-10.5,4,0,1
1,10.5-11,5,0,1
1,11-11.5,6,0,1
1,11.5-12,7,0,4
1,12-12.5,8,0,4
1,12.5-13,9,0,8
1,13-13.5,10,0,8
1,13.5-14,11,0,8
1,14-14.5,12,0,8
1,14.5-15,13,0,4
1,15-15.5,14,0,4
1,15.5-16,15,0,2
1,16-16.5,16,0,2
1,16.5-17,17,0,3
1,17-17.5,18,0,3
1,17.5-18,19,0,3
1,18-18.5,20,0,3
1,18.5-19,21,0,3
1,19-19.5,22,0,3
1,19.5-20,23,0,2
1,20-20.5,24,0,2
1,20.5-21,25,0,1
1,21-21.5,26,0,1
1,21.5-22,27,0,1
1,22-22.5,28,0,1
1,22.5-23,29,0,1
2,8-8.5,0,0,1
2,8.5-9,1,0,2
2,9-9.5,2,0,2
2,9.5-10,3,0,1
2,10-10.5,4,0,1
2,10.5-11,5,0,2
2,11-11.5,6,0,2
2,11.5-12,7,0,6
2,12-12.5,8,0,6
2,12.5-13,9,0,10
2,13-13.5,10,0,10
2,13.5-14,11,0,10
2,14-14.5,12,0,10
2,14.5-15,13,0,5
2,15-15.5,14,0,5
2,15.5-16,15,0,3
2,16-16.5,16,0,3
2,16.5-17,17,0,3
2,17-17.5,18,0,3
2,17.5-18,19,0,3
2,18-18.5,20,0,3
2,18.5-19,21,0,5
2,19-19.5,22,0,5
2,19.5-20,23,0,6
2,20-20.5,24,0,6
2,20.5-21,25,0,2
2,21-21.5,26,0,2
2,21.5-22,27,0,1
2,22-22.5,28,0,1
2,22.5-23,29,0,1
3,8-8.5,0,0,1
3,8.5-9,1,0,1
3,9-9.5,2,0,1
3,9.5-10,3,0,2
3,10-10.5,4,0,2
3,10.5-11,5,0,3
3,11-11.5,6,0,3
3,11.5-12,7,0,5
3,12-12.5,8,0,5
3,12.5-13,9,0,10
3,13-13.5,10,0,10
3,13.5-14,11,0,10
3,14-14.5,12,0,10
3,14.5-15,13,0,9
3,15-15.5,14,0,9
3,15.5-16,15,0,5
3,16-16.5,16,0,5
3,16.5-17,17,0,4
3,17-17.5,18,0,4
3,17.5-18,19,0,3
3,18-18.5,20,0,3
3,18.5-19,21,0,2
3,19-19.5,22,0,2
3,19.5-20,23,0,1
3,20-20.5,24,0,1
3,20.5-21,25,0,1
3,21-21.5,26,0,1
3,21.5-22,27,0,1
3,22-22.5,28,0,1
3,22.5-23,29,0,1
4,8-8.5,0,0,1
4,8.5-9,1,0,1
4,9-9.5,2,0,1
4,9.5-10,3,0,1
4,10-10.5,4,0,1
4,10.5-11,5,0,2
4,11-11.5,6,0,2
4,11.5-12,7,0,4
4,12-12.5,8,0,4
4,12.5-13,9,0,7
4,13-13.5,10,0,7
4,13.5-14,11,0,8
4,14-14.5,12,0,8
4,14.5-15,13,0,6
4,15-15.5,14,0,6
4,15.5-16,15,0,3
4,16-16.5,16,0,3
4,16.5-17,17,0,3
4,17-17.5,18,0,3
4,17.5-18,19,0,3
4,18-18.5,20,0,3
4,18.5-19,21,0,2
4,19-19.5,22,0,2
4,19.5-20,23,0,2
4,20-20.5,24,0,2
4,20.5-21,25,0,1
4,21-21.5,26,0,1
4,21.5-22,27,0,1
4,22-22.5,28,0,1
4,22.5-23,29,0,1
5,8-8.5,0,0,1
5,8.5-9,1,0,1
5,9-9.5,2,0,1
5,9.5-10,3,0,1
5,10-10.5,4,0,1
5,10.5-11,5,0,2
5,11-11.5,6,0,2
5,11.5-12,7,0,4
5,12-12.5,8,0,4
5,12.5-13,9,0,8
5,13-13.5,10,0,8
5,13.5-14,11,0,8
5,14-14.5,12,0,8
5,14.5-15,13,0,5
5,15-15.5,14,0,5
5,15.5-16,15,0,2
5,16-16.5,16,0,2
5,16.5-17,17,0,3
5,17-17.5,18,0,3
5,17.5-18,19,0,3
5,18-18.5,20,0,3
5,18.5-19,21,0,3
5,19-19.5,22,0,3
5,19.5-20,23,0,2
5,20-20.5,24,0,2
5,20.5-21,25,0,1
5,21-21.5,26,0,1
5,21.5-22,27,0,1
5,22-22.5,28,0,1
5,22.5-23,29,0,1
6,8-8.5,0,0,1
6,8.5-9,1,0,1
6,9-9.5,2,0,1
6,9.5-10,3,0,1
6,10-10.5,4,0,1
6,10.5-11,5,0,2
6,11-11.5,6,0,2
6,11.5-12,7,0,5
6,12-12.5,8,0,5
6,12.5-13,9,0,8
6,13-13.5,10,0,8
6,13.5-14,11,0,8
6,14-14.5,12,0,8
6,14.5-15,13,0,5
6,15-15.5,14,0,5
6,15.5-16,15,0,3
6,16-16.5,16,0,3
6,16.5-17,17,0,3
6,17-17.5,18,0,3
6,17.5-18,19,0,3
6,18-18.5,20,0,3
6,18.5-19,21,0,5
6,19-19.5,22,0,5
6,19.5-20,23,0,5
6,20-20.5,24,0,5
6,20.5-21,25,0,2
6,21-21.5,26,0,2
6,21.5-22,27,0,2
6,22-22.5,28,0,2
6,22.5-23,29,0,1

