DAY_START
8

DAY_END
23

SHIFT_INCREMENT
0.5

MIN_SHIFT_LENGTH
3

MAX_SHIFT_LENGTH
12

NIGHT_SHIFT_END_AFTER
20

MORNING_SHIFT_START_BEFORE
12

MAX_NUMBER_OF_WORKERS_IN_A_DAY
#Monday,Tuesday,Wednesday,Thursday,Friday,Saturday,Sunday
15,12,12,12,12,15,11

WORKER_NUMBERS
35

ROLE_NUMBERS
4

MAX_CONSECUTIVE_WORKING_DAYS
5

INCOMPATIBLE_SET
2
#ID
7,11
10,11


WORKER_INFO
#ID,hourPay,startTime,endTime,maxConsWorkingDays,maxWorkingHours,minWorkingHours,MaxWorkingHoursDay,MinWorkingHoursDay,MinWorkingDays,MaxWorkingDays
0,7.7,6,23,5,50,0,12,3,0,5
1,8.3,6,15,5,40,0,12,3,0,5
2,7.9,6,23,5,40,0,12,3,0,5
3,5.6,6,23,5,40,0,12,3,0,5
4,5.6,6,23,5,40,0,12,3,0,5
5,8.3,6,23,5,40,0,12,3,0,5
6,7.7,6,23,5,40,0,12,3,0,7
7,7.7,8,17,5,50,0,12,3,0,5
8,7.7,8,17,5,50,0,12,3,0,7
9,5.6,8,17,5,50,0,12,3,0,7
10,5.6,8,17,5,50,0,12,3,0,7
11,7.05,8,17,5,50,0,12,3,0,4
12,7.05,8,17,5,50,0,12,3,0,4
13,4.05,8,17,5,50,0,12,3,0,4
14,7.5,8,23,5,50,0,12,3,0,5
15,5.6,8,23,5,50,0,12,3,0,7
16,7.7,8,23,5,50,0,12,3,0,7
17,7.7,8,23,5,50,0,12,3,0,7
18,7,8,20,5,50,0,12,3,0,4
19,8,8,20,5,50,0,12,3,0,4
20,7,8,20,5,50,0,12,3,0,4
21,7.5,6,23,5,50,0,12,0,0,5
22,5.6,6,23,5,50,0,12,0,0,7
23,7.7,6,23,5,60,0,12,0,0,7
24,7.7,6,23,5,60,0,12,0,0,7
25,7,6,23,5,40,0,12,0,0,4
26,8,6,23,5,40,0,12,0,0,4
27,7,6,23,5,60,0,12,0,0,4
28,7.5,6,23,5,50,0,12,0,0,7
29,5.6,6,23,5,40,0,12,0,0,7
30,7.7,6,23,5,40,0,12,0,0,7
31,7.7,6,23,5,40,0,12,0,0,7
32,7,6,23,5,40,0,12,0,0,7
33,8,6,23,5,40,0,12,0,0,7
34,7,6,23,5,40,0,12,0,0,7

WORKER_ROLE
#ID,role0,role1,role2,role3
0,0,1,1,0
1,0,0,0,1
2,0,0,1,0
3,0,1,0,0
4,1,1,1,0
5,1,0,1,1
6,1,0,0,0
7,1,1,1,1
8,0,0,0,0
9,1,1,1,0
10,1,1,1,0
11,0,1,0,0
12,1,1,0,1
13,0,0,0,1
14,1,0,0,1
15,1,1,1,1
16,1,1,0,1
17,0,1,1,0
18,0,1,1,0
19,0,1,1,0
20,1,1,1,1
21,1,1,1,1
22,1,1,1,1
23,1,1,1,1
24,1,1,1,1
25,1,1,1,1
26,1,1,1,1
27,1,1,1,0
28,1,1,0,1
29,1,0,1,1
30,0,1,1,1
31,1,0,1,1
32,1,1,1,1
33,1,1,1,1
34,1,1,1,1

WORKER_DAYS_ON
#ID,Monday,Tuesday,Wednesday,Thursday,Friday,Saturday,Sunday
0,0,1,1,1,1,1,1
1,1,0,1,1,1,1,1
2,1,1,0,1,1,1,1
3,1,1,1,0,1,1,1
4,1,1,1,1,0,1,1
5,1,1,1,1,1,0,1
6,1,1,1,1,1,1,0
7,1,0,0,1,1,1,1
8,1,1,1,0,0,1,1
9,1,1,1,1,1,1,1
10,1,1,1,1,1,0,0
11,0,0,0,1,1,1,1
12,1,0,0,0,1,1,1
13,1,1,0,0,0,1,1
14,1,1,1,0,0,0,1
15,1,1,1,1,0,0,0
16,1,1,0,1,1,1,1
17,1,1,1,0,1,0,1
18,1,1,1,1,1,1,1
19,1,1,0,1,1,1,1
20,1,1,1,1,1,0,1
21,1,1,1,0,1,1,1
22,1,0,1,1,1,1,1
23,1,1,1,1,0,1,1
24,1,1,1,0,1,1,1
25,1,0,1,1,1,1,1
26,1,1,1,0,1,1,1
27,1,1,1,1,1,1,1
28,1,0,1,1,1,1,1
29,1,1,0,1,1,1,1
30,1,1,1,0,1,1,1
31,1,1,1,1,0,1,1
32,1,1,1,1,1,0,1
33,1,1,1,1,1,1,0
34,1,1,1,1,1,0,0

DEMAND
840
#weekday,interval,intervalIndex,role,demand
0,8-8.5,0,0,0
0,8-8.5,0,1,1
0,8-8.5,0,2,1
0,8-8.5,0,3,0
0,8.5-9,1,0,0
0,8.5-9,1,1,1
0,8.5-9,1,2,1
0,8.5-9,1,3,0
0,9-9.5,2,0,0
0,9-9.5,2,1,1
0,9-9.5,2,2,1
0,9-9.5,2,3,0
0,9.5-10,3,0,0
0,9.5-10,3,1,1
0,9.5-10,3,2,1
0,9.5-10,3,3,0
0,10-10.5,4,0,0
0,10-10.5,4,1,1
0,10-10.5,4,2,1
0,10-10.5,4,3,0
0,10.5-11,5,0,0
0,10.5-11,5,1,1
0,10.5-11,5,2,1
0,10.5-11,5,3,0
0,11-11.5,6,0,0
0,11-11.5,6,1,1
0,11-11.5,6,2,1
0,11-11.5,6,3,0
0,11.5-12,7,0,1
0,11.5-12,7,1,1
0,11.5-12,7,2,1
0,11.5-12,7,3,2
0,12-12.5,8,0,1
0,12-12.5,8,1,1
0,12-12.5,8,2,1
0,12-12.5,8,3,2
0,12.5-13,9,0,1
0,12.5-13,9,1,1
0,12.5-13,9,2,1
0,12.5-13,9,3,0
0,13-13.5,10,0,1
0,13-13.5,10,1,1
0,13-13.5,10,2,1
0,13-13.5,10,3,0
0,13.5-14,11,0,0
0,13.5-14,11,1,1
0,13.5-14,11,2,1
0,13.5-14,11,3,1
0,14-14.5,12,0,0
0,14-14.5,12,1,1
0,14-14.5,12,2,1
0,14-14.5,12,3,1
0,14.5-15,13,0,1
0,14.5-15,13,1,1
0,14.5-15,13,2,1
0,14.5-15,13,3,2
0,15-15.5,14,0,1
0,15-15.5,14,1,1
0,15-15.5,14,2,1
0,15-15.5,14,3,2
0,15.5-16,15,0,0
0,15.5-16,15,1,1
0,15.5-16,15,2,1
0,15.5-16,15,3,0
0,16-16.5,16,0,0
0,16-16.5,16,1,1
0,16-16.5,16,2,1
0,16-16.5,16,3,0
0,16.5-17,17,0,0
0,16.5-17,17,1,1
0,16.5-17,17,2,1
0,16.5-17,17,3,0
0,17-17.5,18,0,0
0,17-17.5,18,1,1
0,17-17.5,18,2,1
0,17-17.5,18,3,0
0,17.5-18,19,0,0
0,17.5-18,19,1,1
0,17.5-18,19,2,1
0,17.5-18,19,3,0
0,18-18.5,20,0,0
0,18-18.5,20,1,1
0,18-18.5,20,2,1
0,18-18.5,20,3,0
0,18.5-19,21,0,0
0,18.5-19,21,1,1
0,18.5-19,21,2,1
0,18.5-19,21,3,0
0,19-19.5,22,0,0
0,19-19.5,22,1,1
0,19-19.5,22,2,1
0,19-19.5,22,3,0
0,19.5-20,23,0,0
0,19.5-20,23,1,1
0,19.5-20,23,2,1
0,19.5-20,23,3,0
0,20-20.5,24,0,0
0,20-20.5,24,1,1
0,20-20.5,24,2,1
0,20-20.5,24,3,0
0,20.5-21,25,0,0
0,20.5-21,25,1,1
0,20.5-21,25,2,1
0,20.5-21,25,3,0
0,21-21.5,26,0,0
0,21-21.5,26,1,1
0,21-21.5,26,2,1
0,21-21.5,26,3,0
0,21.5-22,27,0,0
0,21.5-22,27,1,1
0,21.5-22,27,2,1
0,21.5-22,27,3,0
0,22-22.5,28,0,0
0,22-22.5,28,1,1
0,22-22.5,28,2,1
0,22-22.5,28,3,0
0,22.5-23,29,0,0
0,22.5-23,29,1,0
0,22.5-23,29,2,0
0,22.5-23,29,3,0
1,8-8.5,0,0,0
1,8-8.5,0,1,1
1,8-8.5,0,2,1
1,8-8.5,0,3,0
1,8.5-9,1,0,0
1,8.5-9,1,1,1
1,8.5-9,1,2,1
1,8.5-9,1,3,0
1,9-9.5,2,0,0
1,9-9.5,2,1,1
1,9-9.5,2,2,1
1,9-9.5,2,3,0
1,9.5-10,3,0,0
1,9.5-10,3,1,1
1,9.5-10,3,2,1
1,9.5-10,3,3,0
1,10-10.5,4,0,0
1,10-10.5,4,1,1
1,10-10.5,4,2,1
1,10-10.5,4,3,0
1,10.5-11,5,0,0
1,10.5-11,5,1,1
1,10.5-11,5,2,1
1,10.5-11,5,3,0
1,11-11.5,6,0,0
1,11-11.5,6,1,1
1,11-11.5,6,2,1
1,11-11.5,6,3,0
1,11.5-12,7,0,0
1,11.5-12,7,1,1
1,11.5-12,7,2,0
1,11.5-12,7,3,1
1,12-12.5,8,0,0
1,12-12.5,8,1,1
1,12-12.5,8,2,0
1,12-12.5,8,3,1
1,12.5-13,9,0,1
1,12.5-13,9,1,1
1,12.5-13,9,2,1
1,12.5-13,9,3,2
1,13-13.5,10,0,1
1,13-13.5,10,1,1
1,13-13.5,10,2,1
1,13-13.5,10,3,2
1,13.5-14,11,0,1
1,13.5-14,11,1,1
1,13.5-14,11,2,1
1,13.5-14,11,3,0
1,14-14.5,12,0,1
1,14-14.5,12,1,1
1,14-14.5,12,2,1
1,14-14.5,12,3,0
1,14.5-15,13,0,0
1,14.5-15,13,1,1
1,14.5-15,13,2,0
1,14.5-15,13,3,1
1,15-15.5,14,0,0
1,15-15.5,14,1,1
1,15-15.5,14,2,0
1,15-15.5,14,3,1
1,15.5-16,15,0,0
1,15.5-16,15,1,1
1,15.5-16,15,2,1
1,15.5-16,15,3,0
1,16-16.5,16,0,0
1,16-16.5,16,1,1
1,16-16.5,16,2,1
1,16-16.5,16,3,0
1,16.5-17,17,0,0
1,16.5-17,17,1,1
1,16.5-17,17,2,1
1,16.5-17,17,3,0
1,17-17.5,18,0,0
1,17-17.5,18,1,1
1,17-17.5,18,2,1
1,17-17.5,18,3,0
1,17.5-18,19,0,0
1,17.5-18,19,1,1
1,17.5-18,19,2,1
1,17.5-18,19,3,0
1,18-18.5,20,0,0
1,18-18.5,20,1,1
1,18-18.5,20,2,1
1,18-18.5,20,3,0
1,18.5-19,21,0,0
1,18.5-19,21,1,1
1,18.5-19,21,2,1
1,18.5-19,21,3,0
1,19-19.5,22,0,0
1,19-19.5,22,1,1
1,19-19.5,22,2,1
1,19-19.5,22,3,0
1,19.5-20,23,0,0
1,19.5-20,23,1,1
1,19.5-20,23,2,1
1,19.5-20,23,3,0
1,20-20.5,24,0,0
1,20-20.5,24,1,1
1,20-20.5,24,2,1
1,20-20.5,24,3,0
1,20.5-21,25,0,0
1,20.5-21,25,1,1
1,20.5-21,25,2,1
1,20.5-21,25,3,0
1,21-21.5,26,0,0
1,21-21.5,26,1,1
1,21-21.5,26,2,1
1,21-21.5,26,3,0
1,21.5-22,27,0,0
1,21.5-22,27,1,1
1,21.5-22,27,2,1
1,21.5-22,27,3,0
1,22-22.5,28,0,0
1,22-22.5,28,1,1
1,22-22.5,28,2,1
1,22-22.5,28,3,0
1,22.5-23,29,0,0
1,22.5-23,29,1,0
1,22.5-23,29,2,0
1,22.5-23,29,3,0
2,8-8.5,0,0,0
2,8-8.5,0,1,1
2,8-8.5,0,2,1
2,8-8.5,0,3,0
2,8.5-9,1,0,0
2,8.5-9,1,1,1
2,8.5-9,1,2,1
2,8.5-9,1,3,0
2,9-9.5,2,0,0
2,9-9.5,2,1,1
2,9-9.5,2,2,1
2,9-9.5,2,3,0
2,9.5-10,3,0,0
2,9.5-10,3,1,1
2,9.5-10,3,2,1
2,9.5-10,3,3,0
2,10-10.5,4,0,0
2,10-10.5,4,1,1
2,10-10.5,4,2,1
2,10-10.5,4,3,0
2,10.5-11,5,0,0
2,10.5-11,5,1,1
2,10.5-11,5,2,1
2,10.5-11,5,3,0
2,11-11.5,6,0,0
2,11-11.5,6,1,1
2,11-11.5,6,2,1
2,11-11.5,6,3,0
2,11.5-12,7,0,0
2,11.5-12,7,1,1
2,11.5-12,7,2,0
2,11.5-12,7,3,1
2,12-12.5,8,0,0
2,12-12.5,8,1,1
2,12-12.5,8,2,0
2,12-12.5,8,3,1
2,12.5-13,9,0,1
2,12.5-13,9,1,1
2,12.5-13,9,2,1
2,12.5-13,9,3,2
2,13-13.5,10,0,1
2,13-13.5,10,1,1
2,13-13.5,10,2,1
2,13-13.5,10,3,2
2,13.5-14,11,0,1
2,13.5-14,11,1,1
2,13.5-14,11,2,1
2,13.5-14,11,3,0
2,14-14.5,12,0,1
2,14-14.5,12,1,1
2,14-14.5,12,2,1
2,14-14.5,12,3,0
2,14.5-15,13,0,0
2,14.5-15,13,1,1
2,14.5-15,13,2,0
2,14.5-15,13,3,1
2,15-15.5,14,0,0
2,15-15.5,14,1,1
2,15-15.5,14,2,0
2,15-15.5,14,3,1
2,15.5-16,15,0,1
2,15.5-16,15,1,1
2,15.5-16,15,2,1
2,15.5-16,15,3,2
2,16-16.5,16,0,1
2,16-16.5,16,1,1
2,16-16.5,16,2,1
2,16-16.5,16,3,2
2,16.5-17,17,0,0
2,16.5-17,17,1,1
2,16.5-17,17,2,1
2,16.5-17,17,3,0
2,17-17.5,18,0,0
2,17-17.5,18,1,1
2,17-17.5,18,2,1
2,17-17.5,18,3,0
2,17.5-18,19,0,0
2,17.5-18,19,1,1
2,17.5-18,19,2,1
2,17.5-18,19,3,0
2,18-18.5,20,0,0
2,18-18.5,20,1,1
2,18-18.5,20,2,1
2,18-18.5,20,3,0
2,18.5-19,21,0,1
2,18.5-19,21,1,1
2,18.5-19,21,2,1
2,18.5-19,21,3,2
2,19-19.5,22,0,1
2,19-19.5,22,1,1
2,19-19.5,22,2,1
2,19-19.5,22,3,2
2,19.5-20,23,0,1
2,19.5-20,23,1,1
2,19.5-20,23,2,1
2,19.5-20,23,3,2
2,20-20.5,24,0,1
2,20-20.5,24,1,1
2,20-20.5,24,2,1
2,20-20.5,24,3,2
2,20.5-21,25,0,0
2,20.5-21,25,1,1
2,20.5-21,25,2,1
2,20.5-21,25,3,0
2,21-21.5,26,0,0
2,21-21.5,26,1,1
2,21-21.5,26,2,1
2,21-21.5,26,3,0
2,21.5-22,27,0,0
2,21.5-22,27,1,1
2,21.5-22,27,2,1
2,21.5-22,27,3,0
2,22-22.5,28,0,0
2,22-22.5,28,1,1
2,22-22.5,28,2,1
2,22-22.5,28,3,0
2,22.5-23,29,0,0
2,22.5-23,29,1,0
2,22.5-23,29,2,0
2,22.5-23,29,3,0
3,8-8.5,0,0,0
3,8-8.5,0,1,1
3,8-8.5,0,2,1
3,8-8.5,0,3,0
3,8.5-9,1,0,0
3,8.5-9,1,1,1
3,8.5-9,1,2,1
3,8.5-9,1,3,0
3,9-9.5,2,0,0
3,9-9.5,2,1,1
3,9-9.5,2,2,1
3,9-9.5,2,3,0
3,9.5-10,3,0,0
3,9.5-10,3,1,1
3,9.5-10,3,2,1
3,9.5-10,3,3,0
3,10-10.5,4,0,0
3,10-10.5,4,1,1
3,10-10.5,4,2,1
3,10-10.5,4,3,0
3,10.5-11,5,0,0
3,10.5-11,5,1,1
3,10.5-11,5,2,1
3,10.5-11,5,3,0
3,11-11.5,6,0,0
3,11-11.5,6,1,1
3,11-11.5,6,2,1
3,11-11.5,6,3,0
3,11.5-12,7,0,0
3,11.5-12,7,1,1
3,11.5-12,7,2,0
3,11.5-12,7,3,1
3,12-12.5,8,0,0
3,12-12.5,8,1,1
3,12-12.5,8,2,0
3,12-12.5,8,3,1
3,12.5-13,9,0,1
3,12.5-13,9,1,1
3,12.5-13,9,2,1
3,12.5-13,9,3,0
3,13-13.5,10,0,1
3,13-13.5,10,1,1
3,13-13.5,10,2,1
3,13-13.5,10,3,0
3,13.5-14,11,0,1
3,13.5-14,11,1,1
3,13.5-14,11,2,1
3,13.5-14,11,3,0
3,14-14.5,12,0,1
3,14-14.5,12,1,1
3,14-14.5,12,2,1
3,14-14.5,12,3,0
3,14.5-15,13,0,0
3,14.5-15,13,1,1
3,14.5-15,13,2,1
3,14.5-15,13,3,1
3,15-15.5,14,0,0
3,15-15.5,14,1,1
3,15-15.5,14,2,1
3,15-15.5,14,3,1
3,15.5-16,15,0,1
3,15.5-16,15,1,1
3,15.5-16,15,2,1
3,15.5-16,15,3,2
3,16-16.5,16,0,1
3,16-16.5,16,1,1
3,16-16.5,16,2,1
3,16-16.5,16,3,2
3,16.5-17,17,0,0
3,16.5-17,17,1,1
3,16.5-17,17,2,1
3,16.5-17,17,3,0
3,17-17.5,18,0,0
3,17-17.5,18,1,1
3,17-17.5,18,2,1
3,17-17.5,18,3,0
3,17.5-18,19,0,0
3,17.5-18,19,1,1
3,17.5-18,19,2,1
3,17.5-18,19,3,0
3,18-18.5,20,0,0
3,18-18.5,20,1,1
3,18-18.5,20,2,1
3,18-18.5,20,3,0
3,18.5-19,21,0,0
3,18.5-19,21,1,1
3,18.5-19,21,2,1
3,18.5-19,21,3,0
3,19-19.5,22,0,0
3,19-19.5,22,1,1
3,19-19.5,22,2,1
3,19-19.5,22,3,0
3,19.5-20,23,0,0
3,19.5-20,23,1,1
3,19.5-20,23,2,1
3,19.5-20,23,3,0
3,20-20.5,24,0,0
3,20-20.5,24,1,1
3,20-20.5,24,2,1
3,20-20.5,24,3,0
3,20.5-21,25,0,0
3,20.5-21,25,1,1
3,20.5-21,25,2,1
3,20.5-21,25,3,0
3,21-21.5,26,0,0
3,21-21.5,26,1,1
3,21-21.5,26,2,1
3,21-21.5,26,3,0
3,21.5-22,27,0,0
3,21.5-22,27,1,0
3,21.5-22,27,2,0
3,21.5-22,27,3,0
3,22-22.5,28,0,0
3,22-22.5,28,1,0
3,22-22.5,28,2,0
3,22-22.5,28,3,0
3,22.5-23,29,0,0
3,22.5-23,29,1,0
3,22.5-23,29,2,0
3,22.5-23,29,3,0
4,8-8.5,0,0,0
4,8-8.5,0,1,0
4,8-8.5,0,2,0
4,8-8.5,0,3,0
4,8.5-9,1,0,0
4,8.5-9,1,1,0
4,8.5-9,1,2,0
4,8.5-9,1,3,0
4,9-9.5,2,0,0
4,9-9.5,2,1,0
4,9-9.5,2,2,0
4,9-9.5,2,3,0
4,9.5-10,3,0,0
4,9.5-10,3,1,1
4,9.5-10,3,2,1
4,9.5-10,3,3,0
4,10-10.5,4,0,0
4,10-10.5,4,1,1
4,10-10.5,4,2,1
4,10-10.5,4,3,0
4,10.5-11,5,0,0
4,10.5-11,5,1,1
4,10.5-11,5,2,1
4,10.5-11,5,3,0
4,11-11.5,6,0,0
4,11-11.5,6,1,1
4,11-11.5,6,2,1
4,11-11.5,6,3,0
4,11.5-12,7,0,1
4,11.5-12,7,1,1
4,11.5-12,7,2,1
4,11.5-12,7,3,2
4,12-12.5,8,0,1
4,12-12.5,8,1,1
4,12-12.5,8,2,1
4,12-12.5,8,3,2
4,12.5-13,9,0,0
4,12.5-13,9,1,1
4,12.5-13,9,2,1
4,12.5-13,9,3,1
4,13-13.5,10,0,0
4,13-13.5,10,1,1
4,13-13.5,10,2,1
4,13-13.5,10,3,1
4,13.5-14,11,0,0
4,13.5-14,11,1,1
4,13.5-14,11,2,1
4,13.5-14,11,3,1
4,14-14.5,12,0,0
4,14-14.5,12,1,1
4,14-14.5,12,2,1
4,14-14.5,12,3,1
4,14.5-15,13,0,0
4,14.5-15,13,1,1
4,14.5-15,13,2,0
4,14.5-15,13,3,1
4,15-15.5,14,0,0
4,15-15.5,14,1,1
4,15-15.5,14,2,0
4,15-15.5,14,3,1
4,15.5-16,15,0,1
4,15.5-16,15,1,1
4,15.5-16,15,2,1
4,15.5-16,15,3,2
4,16-16.5,16,0,1
4,16-16.5,16,1,1
4,16-16.5,16,2,1
4,16-16.5,16,3,2
4,16.5-17,17,0,0
4,16.5-17,17,1,1
4,16.5-17,17,2,1
4,16.5-17,17,3,0
4,17-17.5,18,0,0
4,17-17.5,18,1,1
4,17-17.5,18,2,1
4,17-17.5,18,3,0
4,17.5-18,19,0,0
4,17.5-18,19,1,1
4,17.5-18,19,2,1
4,17.5-18,19,3,0
4,18-18.5,20,0,0
4,18-18.5,20,1,1
4,18-18.5,20,2,1
4,18-18.5,20,3,0
4,18.5-19,21,0,0
4,18.5-19,21,1,1
4,18.5-19,21,2,1
4,18.5-19,21,3,0
4,19-19.5,22,0,0
4,19-19.5,22,1,1
4,19-19.5,22,2,1
4,19-19.5,22,3,0
4,19.5-20,23,0,0
4,19.5-20,23,1,1
4,19.5-20,23,2,1
4,19.5-20,23,3,0
4,20-20.5,24,0,0
4,20-20.5,24,1,1
4,20-20.5,24,2,1
4,20-20.5,24,3,0
4,20.5-21,25,0,0
4,20.5-21,25,1,1
4,20.5-21,25,2,1
4,20.5-21,25,3,0
4,21-21.5,26,0,0
4,21-21.5,26,1,1
4,21-21.5,26,2,1
4,21-21.5,26,3,0
4,21.5-22,27,0,0
4,21.5-22,27,1,0
4,21.5-22,27,2,0
4,21.5-22,27,3,0
4,22-22.5,28,0,0
4,22-22.5,28,1,0
4,22-22.5,28,2,0
4,22-22.5,28,3,0
4,22.5-23,29,0,0
4,22.5-23,29,1,0
4,22.5-23,29,2,0
4,22.5-23,29,3,0
5,8-8.5,0,0,0
5,8-8.5,0,1,1
5,8-8.5,0,2,1
5,8-8.5,0,3,0
5,8.5-9,1,0,0
5,8.5-9,1,1,1
5,8.5-9,1,2,1
5,8.5-9,1,3,0
5,9-9.5,2,0,0
5,9-9.5,2,1,1
5,9-9.5,2,2,1
5,9-9.5,2,3,0
5,9.5-10,3,0,0
5,9.5-10,3,1,1
5,9.5-10,3,2,1
5,9.5-10,3,3,0
5,10-10.5,4,0,0
5,10-10.5,4,1,1
5,10-10.5,4,2,1
5,10-10.5,4,3,0
5,10.5-11,5,0,0
5,10.5-11,5,1,1
5,10.5-11,5,2,1
5,10.5-11,5,3,0
5,11-11.5,6,0,0
5,11-11.5,6,1,1
5,11-11.5,6,2,1
5,11-11.5,6,3,0
5,11.5-12,7,0,0
5,11.5-12,7,1,1
5,11.5-12,7,2,0
5,11.5-12,7,3,1
5,12-12.5,8,0,0
5,12-12.5,8,1,1
5,12-12.5,8,2,0
5,12-12.5,8,3,1
5,12.5-13,9,0,1
5,12.5-13,9,1,1
5,12.5-13,9,2,1
5,12.5-13,9,3,1
5,13-13.5,10,0,1
5,13-13.5,10,1,1
5,13-13.5,10,2,1
5,13-13.5,10,3,1
5,13.5-14,11,0,0
5,13.5-14,11,1,1
5,13.5-14,11,2,1
5,13.5-14,11,3,1
5,14-14.5,12,0,0
5,14-14.5,12,1,1
5,14-14.5,12,2,1
5,14-14.5,12,3,1
5,14.5-15,13,0,0
5,14.5-15,13,1,1
5,14.5-15,13,2,0
5,14.5-15,13,3,1
5,15-15.5,14,0,0
5,15-15.5,14,1,1
5,15-15.5,14,2,0
5,15-15.5,14,3,1
5,15.5-16,15,0,0
5,15.5-16,15,1,1
5,15.5-16,15,2,1
5,15.5-16,15,3,0
5,16-16.5,16,0,0
5,16-16.5,16,1,1
5,16-16.5,16,2,1
5,16-16.5,16,3,0
5,16.5-17,17,0,0
5,16.5-17,17,1,1
5,16.5-17,17,2,1
5,16.5-17,17,3,0
5,17-17.5,18,0,0
5,17-17.5,18,1,1
5,17-17.5,18,2,1
5,17-17.5,18,3,0
5,17.5-18,19,0,0
5,17.5-18,19,1,1
5,17.5-18,19,2,1
5,17.5-18,19,3,0
5,18-18.5,20,0,0
5,18-18.5,20,1,1
5,18-18.5,20,2,1
5,18-18.5,20,3,0
5,18.5-19,21,0,0
5,18.5-19,21,1,1
5,18.5-19,21,2,1
5,18.5-19,21,3,0
5,19-19.5,22,0,0
5,19-19.5,22,1,1
5,19-19.5,22,2,1
5,19-19.5,22,3,0
5,19.5-20,23,0,0
5,19.5-20,23,1,1
5,19.5-20,23,2,1
5,19.5-20,23,3,0
5,20-20.5,24,0,0
5,20-20.5,24,1,1
5,20-20.5,24,2,1
5,20-20.5,24,3,0
5,20.5-21,25,0,0
5,20.5-21,25,1,1
5,20.5-21,25,2,1
5,20.5-21,25,3,0
5,21-21.5,26,0,0
5,21-21.5,26,1,1
5,21-21.5,26,2,1
5,21-21.5,26,3,0
5,21.5-22,27,0,0
5,21.5-22,27,1,1
5,21.5-22,27,2,1
5,21.5-22,27,3,0
5,22-22.5,28,0,0
5,22-22.5,28,1,1
5,22-22.5,28,2,1
5,22-22.5,28,3,0
5,22.5-23,29,0,0
5,22.5-23,29,1,0
5,22.5-23,29,2,0
5,22.5-23,29,3,0
6,8-8.5,0,0,0
6,8-8.5,0,1,1
6,8-8.5,0,2,1
6,8-8.5,0,3,0
6,8.5-9,1,0,0
6,8.5-9,1,1,1
6,8.5-9,1,2,1
6,8.5-9,1,3,0
6,9-9.5,2,0,0
6,9-9.5,2,1,1
6,9-9.5,2,2,1
6,9-9.5,2,3,0
6,9.5-10,3,0,0
6,9.5-10,3,1,1
6,9.5-10,3,2,1
6,9.5-10,3,3,0
6,10-10.5,4,0,0
6,10-10.5,4,1,1
6,10-10.5,4,2,1
6,10-10.5,4,3,0
6,10.5-11,5,0,0
6,10.5-11,5,1,1
6,10.5-11,5,2,1
6,10.5-11,5,3,0
6,11-11.5,6,0,0
6,11-11.5,6,1,1
6,11-11.5,6,2,1
6,11-11.5,6,3,0
6,11.5-12,7,0,1
6,11.5-12,7,1,1
6,11.5-12,7,2,1
6,11.5-12,7,3,2
6,12-12.5,8,0,1
6,12-12.5,8,1,1
6,12-12.5,8,2,1
6,12-12.5,8,3,2
6,12.5-13,9,0,1
6,12.5-13,9,1,1
6,12.5-13,9,2,1
6,12.5-13,9,3,0
6,13-13.5,10,0,1
6,13-13.5,10,1,1
6,13-13.5,10,2,1
6,13-13.5,10,3,0
6,13.5-14,11,0,0
6,13.5-14,11,1,1
6,13.5-14,11,2,1
6,13.5-14,11,3,1
6,14-14.5,12,0,0
6,14-14.5,12,1,1
6,14-14.5,12,2,1
6,14-14.5,12,3,1
6,14.5-15,13,0,0
6,14.5-15,13,1,1
6,14.5-15,13,2,1
6,14.5-15,13,3,0
6,15-15.5,14,0,0
6,15-15.5,14,1,1
6,15-15.5,14,2,1
6,15-15.5,14,3,0
6,15.5-16,15,0,0
6,15.5-16,15,1,1
6,15.5-16,15,2,1
6,15.5-16,15,3,0
6,16-16.5,16,0,0
6,16-16.5,16,1,1
6,16-16.5,16,2,1
6,16-16.5,16,3,0
6,16.5-17,17,0,0
6,16.5-17,17,1,1
6,16.5-17,17,2,1
6,16.5-17,17,3,0
6,17-17.5,18,0,0
6,17-17.5,18,1,1
6,17-17.5,18,2,1
6,17-17.5,18,3,0
6,17.5-18,19,0,0
6,17.5-18,19,1,1
6,17.5-18,19,2,1
6,17.5-18,19,3,0
6,18-18.5,20,0,0
6,18-18.5,20,1,1
6,18-18.5,20,2,1
6,18-18.5,20,3,0
6,18.5-19,21,0,0
6,18.5-19,21,1,1
6,18.5-19,21,2,1
6,18.5-19,21,3,0
6,19-19.5,22,0,0
6,19-19.5,22,1,1
6,19-19.5,22,2,1
6,19-19.5,22,3,0
6,19.5-20,23,0,0
6,19.5-20,23,1,1
6,19.5-20,23,2,1
6,19.5-20,23,3,0
6,20-20.5,24,0,0
6,20-20.5,24,1,1
6,20-20.5,24,2,1
6,20-20.5,24,3,0
6,20.5-21,25,0,0
6,20.5-21,25,1,1
6,20.5-21,25,2,1
6,20.5-21,25,3,0
6,21-21.5,26,0,0
6,21-21.5,26,1,1
6,21-21.5,26,2,1
6,21-21.5,26,3,0
6,21.5-22,27,0,0
6,21.5-22,27,1,1
6,21.5-22,27,2,1
6,21.5-22,27,3,0
6,22-22.5,28,0,0
6,22-22.5,28,1,1
6,22-22.5,28,2,1
6,22-22.5,28,3,0
6,22.5-23,29,0,0
6,22.5-23,29,1,0
6,22.5-23,29,2,0
6,22.5-23,29,3,0

