DAY_START
8

DAY_END
23

SHIFT_INCREMENT
0.5

MIN_SHIFT_LENGTH
4

MAX_SHIFT_LENGTH
12

NIGHT_SHIFT_END_AFTER
20

MORNING_SHIFT_START_BEFORE
12

MAX_NUMBER_OF_WORKERS_IN_A_DAY
#Monday,Tuesday,Wednesday,Thursday,Friday,Saturday,Sunday
32,20,35,30,30,20,20

WORKER_NUMBERS
49

ROLE_NUMBERS
8

MAX_CONSECUTIVE_WORKING_DAYS
5

INCOMPATIBLE_SET
1
#ID
5,6


WORKER_INFO
#ID,hourPay,startTime,endTime,maxConsWorkingDays,maxWorkingHours,minWorkingHours,MaxWorkingHoursDay,MinWorkingHoursDay,MinWorkingDays,MaxWorkingDays
0,7.7,6,23,5,50,0,12,4,1,5
1,7.7,6,15,5,40,0,12,4,1,7
2,5.6,6,23,5,40,10,12,4,0,7
3,5.6,6,23,5,40,10,12,4,0,7
4,7.05,6,23,5,40,15,12,4,0,4
5,7.05,6,23,5,40,15,12,4,0,4
6,4.05,6,23,5,40,15,12,4,0,4
7,7.7,6,23,5,50,10,12,0,1,7
8,8.3,6,23,5,50,15,12,0,1,7
9,7.9,6,23,5,50,10,12,0,0,7
10,5.6,6,23,5,50,0,12,0,1,7
11,5.6,6,20,5,50,0,12,0,0,7
12,8.3,6,20,5,50,0,12,0,1,7
13,7.7,6,20,5,50,0,12,0,0,7
14,7.5,6,23,5,50,0,12,0,0,5
15,5.6,6,23,5,50,0,12,0,0,5
16,7.7,7,23,5,60,0,12,0,0,5
17,7.7,6,21,5,60,0,12,0,0,5
18,7,8,22,5,40,0,12,0,0,5
19,8,8,20,5,40,0,12,0,0,5
20,7,8,17,5,60,0,12,0,0,7
21,7.5,8,23,5,50,0,12,0,0,5
22,5.6,8,23,5,40,0,12,0,0,7
23,7.7,8,23,5,40,0,12,0,0,7
24,7.7,8,23,5,40,0,12,0,0,7
25,7,8,23,5,40,0,12,0,0,4
26,8,8,23,5,40,0,12,0,0,4
27,7,8,23,5,40,0,12,0,0,4
28,7.5,6,23,5,50,0,12,0,0,5
29,5.6,6,23,5,50,0,12,0,0,7
30,7.7,6,23,5,50,0,12,0,0,7
31,7.7,6,23,5,50,0,12,0,0,7
32,7,6,23,5,50,0,12,0,0,4
33,8,6,23,5,50,0,12,0,0,4
34,7,6,23,5,50,0,12,0,0,4
35,7.5,8,23,5,50,0,12,0,0,7
36,5.6,8,23,5,50,0,12,0,0,7
37,7.7,8,23,5,50,0,12,0,0,7
38,7.7,8,23,5,50,0,12,0,0,7
39,7,8,23,5,50,0,12,0,0,7
40,8,8,23,5,50,0,12,0,0,7
41,7,8,23,5,50,0,12,0,0,7
42,7.5,6,17,5,50,0,12,0,0,7
43,5.6,6,17,5,50,0,12,0,0,7
44,7.7,6,17,5,60,0,12,0,0,7
45,7.7,6,17,5,60,0,12,0,0,7
46,7,6,17,5,40,0,12,0,0,7
47,8,6,17,5,40,0,12,0,0,7
48,7,6,17,5,60,0,12,0,0,7

WORKER_ROLE
#ID,role0,role1,role2,role3,role4,role5,role6,role7
0,1,0,0,1,1,0,0,1
1,1,1,1,1,1,1,1,1
2,1,1,1,1,1,0,1,1
3,1,1,1,1,0,1,1,1
4,1,1,1,0,1,1,1,1
5,1,1,0,1,1,1,1,1
6,1,0,1,1,1,1,1,1
7,1,1,0,1,0,1,0,1
8,0,0,0,1,1,1,1,0
9,0,1,1,0,1,1,0,1
10,0,1,1,0,1,1,1,1
11,1,1,1,1,0,1,1,1
12,1,1,1,1,1,0,1,1
13,1,1,1,1,1,1,0,1
14,0,1,1,1,1,1,1,1
15,1,0,1,1,1,1,1,1
16,1,1,1,1,1,1,1,1
17,1,1,1,1,1,1,1,1
18,1,1,0,1,1,1,1,1
19,0,1,1,0,1,1,1,1
20,1,1,1,0,0,0,0,0
21,0,1,0,0,1,0,1,0
22,1,1,1,1,1,1,1,0
23,1,1,1,1,1,1,0,1
24,0,1,1,0,1,1,1,1
25,0,0,0,1,1,1,1,1
26,0,0,1,0,1,1,1,1
27,0,1,0,0,1,1,1,1
28,1,1,1,0,0,0,1,1
29,1,0,1,1,1,1,0,1
30,1,0,0,0,1,1,1,1
31,1,1,1,1,0,0,0,0
32,0,0,0,0,1,1,1,1
33,1,1,1,0,1,1,1,1
34,1,1,1,0,0,0,0,0
35,0,1,0,0,1,0,1,0
36,1,1,0,1,0,1,0,1
37,0,0,0,1,1,1,1,0
38,1,0,0,1,1,0,0,1
39,1,1,1,1,1,1,1,1
40,1,1,1,1,1,0,1,1
41,1,1,1,1,0,1,1,1
42,1,1,1,0,1,1,1,1
43,1,1,0,1,1,1,1,1
44,1,0,1,1,1,1,1,1
45,0,1,1,1,1,1,1,1
46,1,0,1,1,1,1,1,1
47,1,1,1,1,1,1,1,1
48,1,1,1,1,1,1,1,1

WORKER_DAYS_ON
#ID,Monday,Tuesday,Wednesday,Thursday,Friday,Saturday,Sunday
0,1,0,1,1,1,1,1
1,1,1,1,0,1,1,1
2,1,1,1,1,1,1,1
3,1,0,1,1,1,1,1
4,1,1,0,1,1,1,1
5,1,1,1,1,1,0,1
6,1,1,1,0,1,1,1
7,1,0,1,1,1,1,1
8,1,1,1,1,0,1,1
9,1,1,1,0,1,1,1
10,0,1,1,1,1,1,1
11,1,0,1,1,1,1,1
12,1,1,0,1,1,1,1
13,1,1,1,0,1,1,1
14,1,1,1,1,0,1,1
15,1,1,1,1,1,0,1
16,1,1,1,1,1,1,0
17,1,0,0,1,1,1,1
18,1,1,1,0,0,1,1
19,1,1,1,1,1,1,1
20,1,1,1,1,1,0,0
21,0,0,0,1,1,1,1
22,1,0,0,0,1,1,1
23,1,1,0,0,0,1,1
24,1,1,1,0,0,0,1
25,1,1,1,1,0,0,0
26,1,1,0,1,1,1,1
27,1,1,1,0,1,0,1
28,1,1,1,1,1,1,1
29,1,1,0,1,1,1,1
30,1,1,1,0,1,1,1
31,1,1,1,1,0,1,1
32,1,1,1,1,1,0,1
33,1,1,1,1,1,1,0
34,1,1,1,1,1,0,0
35,1,1,1,1,1,1,1
36,1,1,1,1,1,1,1
37,1,1,1,1,1,1,1
38,1,1,1,1,1,1,1
39,1,1,1,1,1,1,1
40,1,1,1,1,1,1,1
41,1,1,1,1,1,1,1
42,1,1,1,1,1,1,1
43,1,1,1,1,1,1,1
44,1,1,1,1,1,1,1
45,1,1,1,1,1,1,1
46,1,1,1,1,1,1,1
47,1,1,1,1,1,1,1
48,1,1,1,1,1,1,1

DEMAND
1680
#weekday,interval,intervalIndex,role,demand
0,8-8.5,0,0,0
0,8-8.5,0,1,1
0,8-8.5,0,2,1
0,8-8.5,0,3,0
0,8-8.5,0,4,0
0,8-8.5,0,5,0
0,8-8.5,0,6,0
0,8-8.5,0,7,0
0,8.5-9,1,0,0
0,8.5-9,1,1,1
0,8.5-9,1,2,1
0,8.5-9,1,3,0
0,8.5-9,1,4,0
0,8.5-9,1,5,0
0,8.5-9,1,6,0
0,8.5-9,1,7,0
0,9-9.5,2,0,0
0,9-9.5,2,1,1
0,9-9.5,2,2,1
0,9-9.5,2,3,0
0,9-9.5,2,4,0
0,9-9.5,2,5,0
0,9-9.5,2,6,0
0,9-9.5,2,7,0
0,9.5-10,3,0,0
0,9.5-10,3,1,1
0,9.5-10,3,2,1
0,9.5-10,3,3,0
0,9.5-10,3,4,0
0,9.5-10,3,5,0
0,9.5-10,3,6,0
0,9.5-10,3,7,0
0,10-10.5,4,0,0
0,10-10.5,4,1,1
0,10-10.5,4,2,1
0,10-10.5,4,3,0
0,10-10.5,4,4,0
0,10-10.5,4,5,0
0,10-10.5,4,6,0
0,10-10.5,4,7,0
0,10.5-11,5,0,0
0,10.5-11,5,1,1
0,10.5-11,5,2,1
0,10.5-11,5,3,0
0,10.5-11,5,4,0
0,10.5-11,5,5,0
0,10.5-11,5,6,0
0,10.5-11,5,7,0
0,11-11.5,6,0,0
0,11-11.5,6,1,1
0,11-11.5,6,2,1
0,11-11.5,6,3,0
0,11-11.5,6,4,0
0,11-11.5,6,5,0
0,11-11.5,6,6,0
0,11-11.5,6,7,0
0,11.5-12,7,0,0
0,11.5-12,7,1,1
0,11.5-12,7,2,0
0,11.5-12,7,3,1
0,11.5-12,7,4,0
0,11.5-12,7,5,0
0,11.5-12,7,6,0
0,11.5-12,7,7,0
0,12-12.5,8,0,0
0,12-12.5,8,1,1
0,12-12.5,8,2,0
0,12-12.5,8,3,1
0,12-12.5,8,4,0
0,12-12.5,8,5,0
0,12-12.5,8,6,0
0,12-12.5,8,7,0
0,12.5-13,9,0,0
0,12.5-13,9,1,2
0,12.5-13,9,2,0
0,12.5-13,9,3,0
0,12.5-13,9,4,0
0,12.5-13,9,5,1
0,12.5-13,9,6,1
0,12.5-13,9,7,1
0,13-13.5,10,0,0
0,13-13.5,10,1,2
0,13-13.5,10,2,0
0,13-13.5,10,3,0
0,13-13.5,10,4,0
0,13-13.5,10,5,1
0,13-13.5,10,6,1
0,13-13.5,10,7,1
0,13.5-14,11,0,0
0,13.5-14,11,1,1
0,13.5-14,11,2,1
0,13.5-14,11,3,0
0,13.5-14,11,4,1
0,13.5-14,11,5,1
0,13.5-14,11,6,0
0,13.5-14,11,7,0
0,14-14.5,12,0,0
0,14-14.5,12,1,1
0,14-14.5,12,2,1
0,14-14.5,12,3,0
0,14-14.5,12,4,1
0,14-14.5,12,5,1
0,14-14.5,12,6,0
0,14-14.5,12,7,0
0,14.5-15,13,0,0
0,14.5-15,13,1,1
0,14.5-15,13,2,1
0,14.5-15,13,3,1
0,14.5-15,13,4,1
0,14.5-15,13,5,1
0,14.5-15,13,6,1
0,14.5-15,13,7,1
0,15-15.5,14,0,0
0,15-15.5,14,1,1
0,15-15.5,14,2,1
0,15-15.5,14,3,1
0,15-15.5,14,4,1
0,15-15.5,14,5,1
0,15-15.5,14,6,1
0,15-15.5,14,7,1
0,15.5-16,15,0,0
0,15.5-16,15,1,1
0,15.5-16,15,2,1
0,15.5-16,15,3,0
0,15.5-16,15,4,0
0,15.5-16,15,5,0
0,15.5-16,15,6,0
0,15.5-16,15,7,0
0,16-16.5,16,0,0
0,16-16.5,16,1,1
0,16-16.5,16,2,1
0,16-16.5,16,3,0
0,16-16.5,16,4,0
0,16-16.5,16,5,0
0,16-16.5,16,6,0
0,16-16.5,16,7,0
0,16.5-17,17,0,0
0,16.5-17,17,1,1
0,16.5-17,17,2,1
0,16.5-17,17,3,0
0,16.5-17,17,4,0
0,16.5-17,17,5,0
0,16.5-17,17,6,0
0,16.5-17,17,7,0
0,17-17.5,18,0,0
0,17-17.5,18,1,1
0,17-17.5,18,2,1
0,17-17.5,18,3,0
0,17-17.5,18,4,0
0,17-17.5,18,5,0
0,17-17.5,18,6,0
0,17-17.5,18,7,0
0,17.5-18,19,0,0
0,17.5-18,19,1,1
0,17.5-18,19,2,1
0,17.5-18,19,3,0
0,17.5-18,19,4,0
0,17.5-18,19,5,0
0,17.5-18,19,6,0
0,17.5-18,19,7,0
0,18-18.5,20,0,0
0,18-18.5,20,1,1
0,18-18.5,20,2,1
0,18-18.5,20,3,0
0,18-18.5,20,4,0
0,18-18.5,20,5,0
0,18-18.5,20,6,0
0,18-18.5,20,7,0
0,18.5-19,21,0,0
0,18.5-19,21,1,1
0,18.5-19,21,2,1
0,18.5-19,21,3,0
0,18.5-19,21,4,0
0,18.5-19,21,5,0
0,18.5-19,21,6,0
0,18.5-19,21,7,0
0,19-19.5,22,0,0
0,19-19.5,22,1,1
0,19-19.5,22,2,1
0,19-19.5,22,3,0
0,19-19.5,22,4,0
0,19-19.5,22,5,0
0,19-19.5,22,6,0
0,19-19.5,22,7,0
0,19.5-20,23,0,0
0,19.5-20,23,1,1
0,19.5-20,23,2,1
0,19.5-20,23,3,0
0,19.5-20,23,4,0
0,19.5-20,23,5,0
0,19.5-20,23,6,0
0,19.5-20,23,7,0
0,20-20.5,24,0,0
0,20-20.5,24,1,1
0,20-20.5,24,2,1
0,20-20.5,24,3,0
0,20-20.5,24,4,0
0,20-20.5,24,5,0
0,20-20.5,24,6,0
0,20-20.5,24,7,0
0,20.5-21,25,0,0
0,20.5-21,25,1,1
0,20.5-21,25,2,1
0,20.5-21,25,3,0
0,20.5-21,25,4,0
0,20.5-21,25,5,0
0,20.5-21,25,6,0
0,20.5-21,25,7,0
0,21-21.5,26,0,0
0,21-21.5,26,1,1
0,21-21.5,26,2,1
0,21-21.5,26,3,0
0,21-21.5,26,4,0
0,21-21.5,26,5,0
0,21-21.5,26,6,0
0,21-21.5,26,7,0
0,21.5-22,27,0,0
0,21.5-22,27,1,1
0,21.5-22,27,2,1
0,21.5-22,27,3,0
0,21.5-22,27,4,0
0,21.5-22,27,5,0
0,21.5-22,27,6,0
0,21.5-22,27,7,0
0,22-22.5,28,0,0
0,22-22.5,28,1,1
0,22-22.5,28,2,1
0,22-22.5,28,3,0
0,22-22.5,28,4,0
0,22-22.5,28,5,0
0,22-22.5,28,6,0
0,22-22.5,28,7,0
0,22.5-23,29,0,0
0,22.5-23,29,1,1
0,22.5-23,29,2,1
0,22.5-23,29,3,0
0,22.5-23,29,4,0
0,22.5-23,29,5,0
0,22.5-23,29,6,0
0,22.5-23,29,7,0
1,8-8.5,0,0,0
1,8-8.5,0,1,1
1,8-8.5,0,2,1
1,8-8.5,0,3,0
1,8-8.5,0,4,0
1,8-8.5,0,5,0
1,8-8.5,0,6,0
1,8-8.5,0,7,0
1,8.5-9,1,0,0
1,8.5-9,1,1,1
1,8.5-9,1,2,1
1,8.5-9,1,3,0
1,8.5-9,1,4,0
1,8.5-9,1,5,0
1,8.5-9,1,6,0
1,8.5-9,1,7,0
1,9-9.5,2,0,0
1,9-9.5,2,1,1
1,9-9.5,2,2,1
1,9-9.5,2,3,0
1,9-9.5,2,4,0
1,9-9.5,2,5,0
1,9-9.5,2,6,0
1,9-9.5,2,7,0
1,9.5-10,3,0,0
1,9.5-10,3,1,1
1,9.5-10,3,2,1
1,9.5-10,3,3,0
1,9.5-10,3,4,0
1,9.5-10,3,5,0
1,9.5-10,3,6,0
1,9.5-10,3,7,0
1,10-10.5,4,0,0
1,10-10.5,4,1,1
1,10-10.5,4,2,1
1,10-10.5,4,3,0
1,10-10.5,4,4,0
1,10-10.5,4,5,0
1,10-10.5,4,6,0
1,10-10.5,4,7,0
1,10.5-11,5,0,0
1,10.5-11,5,1,1
1,10.5-11,5,2,1
1,10.5-11,5,3,0
1,10.5-11,5,4,0
1,10.5-11,5,5,0
1,10.5-11,5,6,0
1,10.5-11,5,7,0
1,11-11.5,6,0,0
1,11-11.5,6,1,1
1,11-11.5,6,2,1
1,11-11.5,6,3,0
1,11-11.5,6,4,0
1,11-11.5,6,5,0
1,11-11.5,6,6,0
1,11-11.5,6,7,0
1,11.5-12,7,0,0
1,11.5-12,7,1,1
1,11.5-12,7,2,0
1,11.5-12,7,3,1
1,11.5-12,7,4,0
1,11.5-12,7,5,0
1,11.5-12,7,6,0
1,11.5-12,7,7,0
1,12-12.5,8,0,0
1,12-12.5,8,1,1
1,12-12.5,8,2,0
1,12-12.5,8,3,1
1,12-12.5,8,4,0
1,12-12.5,8,5,0
1,12-12.5,8,6,0
1,12-12.5,8,7,0
1,12.5-13,9,0,0
1,12.5-13,9,1,2
1,12.5-13,9,2,0
1,12.5-13,9,3,0
1,12.5-13,9,4,0
1,12.5-13,9,5,1
1,12.5-13,9,6,1
1,12.5-13,9,7,1
1,13-13.5,10,0,0
1,13-13.5,10,1,2
1,13-13.5,10,2,0
1,13-13.5,10,3,0
1,13-13.5,10,4,0
1,13-13.5,10,5,1
1,13-13.5,10,6,1
1,13-13.5,10,7,1
1,13.5-14,11,0,0
1,13.5-14,11,1,1
1,13.5-14,11,2,1
1,13.5-14,11,3,1
1,13.5-14,11,4,1
1,13.5-14,11,5,0
1,13.5-14,11,6,0
1,13.5-14,11,7,0
1,14-14.5,12,0,0
1,14-14.5,12,1,1
1,14-14.5,12,2,1
1,14-14.5,12,3,1
1,14-14.5,12,4,1
1,14-14.5,12,5,0
1,14-14.5,12,6,0
1,14-14.5,12,7,0
1,14.5-15,13,0,0
1,14.5-15,13,1,1
1,14.5-15,13,2,0
1,14.5-15,13,3,1
1,14.5-15,13,4,0
1,14.5-15,13,5,0
1,14.5-15,13,6,0
1,14.5-15,13,7,0
1,15-15.5,14,0,0
1,15-15.5,14,1,1
1,15-15.5,14,2,0
1,15-15.5,14,3,1
1,15-15.5,14,4,0
1,15-15.5,14,5,0
1,15-15.5,14,6,0
1,15-15.5,14,7,0
1,15.5-16,15,0,0
1,15.5-16,15,1,1
1,15.5-16,15,2,1
1,15.5-16,15,3,0
1,15.5-16,15,4,0
1,15.5-16,15,5,0
1,15.5-16,15,6,0
1,15.5-16,15,7,0
1,16-16.5,16,0,0
1,16-16.5,16,1,1
1,16-16.5,16,2,1
1,16-16.5,16,3,0
1,16-16.5,16,4,0
1,16-16.5,16,5,0
1,16-16.5,16,6,0
1,16-16.5,16,7,0
1,16.5-17,17,0,0
1,16.5-17,17,1,1
1,16.5-17,17,2,1
1,16.5-17,17,3,0
1,16.5-17,17,4,0
1,16.5-17,17,5,0
1,16.5-17,17,6,0
1,16.5-17,17,7,0
1,17-17.5,18,0,0
1,17-17.5,18,1,1
1,17-17.5,18,2,1
1,17-17.5,18,3,0
1,17-17.5,18,4,0
1,17-17.5,18,5,0
1,17-17.5,18,6,0
1,17-17.5,18,7,0
1,17.5-18,19,0,0
1,17.5-18,19,1,1
1,17.5-18,19,2,1
1,17.5-18,19,3,0
1,17.5-18,19,4,0
1,17.5-18,19,5,0
1,17.5-18,19,6,0
1,17.5-18,19,7,0
1,18-18.5,20,0,0
1,18-18.5,20,1,1
1,18-18.5,20,2,1
1,18-18.5,20,3,0
1,18-18.5,20,4,0
1,18-18.5,20,5,0
1,18-18.5,20,6,0
1,18-18.5,20,7,0
1,18.5-19,21,0,0
1,18.5-19,21,1,1
1,18.5-19,21,2,1
1,18.5-19,21,3,0
1,18.5-19,21,4,0
1,18.5-19,21,5,0
1,18.5-19,21,6,0
1,18.5-19,21,7,0
1,19-19.5,22,0,0
1,19-19.5,22,1,1
1,19-19.5,22,2,1
1,19-19.5,22,3,0
1,19-19.5,22,4,0
1,19-19.5,22,5,0
1,19-19.5,22,6,0
1,19-19.5,22,7,0
1,19.5-20,23,0,0
1,19.5-20,23,1,1
1,19.5-20,23,2,1
1,19.5-20,23,3,0
1,19.5-20,23,4,0
1,19.5-20,23,5,0
1,19.5-20,23,6,0
1,19.5-20,23,7,0
1,20-20.5,24,0,0
1,20-20.5,24,1,1
1,20-20.5,24,2,1
1,20-20.5,24,3,0
1,20-20.5,24,4,0
1,20-20.5,24,5,0
1,20-20.5,24,6,0
1,20-20.5,24,7,0
1,20.5-21,25,0,0
1,20.5-21,25,1,1
1,20.5-21,25,2,1
1,20.5-21,25,3,0
1,20.5-21,25,4,0
1,20.5-21,25,5,0
1,20.5-21,25,6,0
1,20.5-21,25,7,0
1,21-21.5,26,0,0
1,21-21.5,26,1,1
1,21-21.5,26,2,1
1,21-21.5,26,3,0
1,21-21.5,26,4,0
1,21-21.5,26,5,0
1,21-21.5,26,6,0
1,21-21.5,26,7,0
1,21.5-22,27,0,0
1,21.5-22,27,1,1
1,21.5-22,27,2,1
1,21.5-22,27,3,0
1,21.5-22,27,4,0
1,21.5-22,27,5,0
1,21.5-22,27,6,0
1,21.5-22,27,7,0
1,22-22.5,28,0,0
1,22-22.5,28,1,1
1,22-22.5,28,2,1
1,22-22.5,28,3,0
1,22-22.5,28,4,0
1,22-22.5,28,5,0
1,22-22.5,28,6,0
1,22-22.5,28,7,0
1,22.5-23,29,0,0
1,22.5-23,29,1,0
1,22.5-23,29,2,0
1,22.5-23,29,3,0
1,22.5-23,29,4,0
1,22.5-23,29,5,0
1,22.5-23,29,6,0
1,22.5-23,29,7,0
2,8-8.5,0,0,0
2,8-8.5,0,1,1
2,8-8.5,0,2,1
2,8-8.5,0,3,0
2,8-8.5,0,4,0
2,8-8.5,0,5,0
2,8-8.5,0,6,0
2,8-8.5,0,7,0
2,8.5-9,1,0,0
2,8.5-9,1,1,1
2,8.5-9,1,2,1
2,8.5-9,1,3,0
2,8.5-9,1,4,0
2,8.5-9,1,5,0
2,8.5-9,1,6,0
2,8.5-9,1,7,0
2,9-9.5,2,0,0
2,9-9.5,2,1,1
2,9-9.5,2,2,1
2,9-9.5,2,3,0
2,9-9.5,2,4,0
2,9-9.5,2,5,0
2,9-9.5,2,6,0
2,9-9.5,2,7,0
2,9.5-10,3,0,0
2,9.5-10,3,1,1
2,9.5-10,3,2,1
2,9.5-10,3,3,0
2,9.5-10,3,4,0
2,9.5-10,3,5,0
2,9.5-10,3,6,0
2,9.5-10,3,7,0
2,10-10.5,4,0,0
2,10-10.5,4,1,1
2,10-10.5,4,2,1
2,10-10.5,4,3,0
2,10-10.5,4,4,0
2,10-10.5,4,5,0
2,10-10.5,4,6,0
2,10-10.5,4,7,0
2,10.5-11,5,0,0
2,10.5-11,5,1,1
2,10.5-11,5,2,1
2,10.5-11,5,3,0
2,10.5-11,5,4,0
2,10.5-11,5,5,0
2,10.5-11,5,6,0
2,10.5-11,5,7,0
2,11-11.5,6,0,0
2,11-11.5,6,1,1
2,11-11.5,6,2,1
2,11-11.5,6,3,0
2,11-11.5,6,4,0
2,11-11.5,6,5,0
2,11-11.5,6,6,0
2,11-11.5,6,7,0
2,11.5-12,7,0,0
2,11.5-12,7,1,1
2,11.5-12,7,2,0
2,11.5-12,7,3,1
2,11.5-12,7,4,0
2,11.5-12,7,5,0
2,11.5-12,7,6,0
2,11.5-12,7,7,0
2,12-12.5,8,0,0
2,12-12.5,8,1,1
2,12-12.5,8,2,0
2,12-12.5,8,3,1
2,12-12.5,8,4,0
2,12-12.5,8,5,0
2,12-12.5,8,6,0
2,12-12.5,8,7,0
2,12.5-13,9,0,0
2,12.5-13,9,1,2
2,12.5-13,9,2,0
2,12.5-13,9,3,0
2,12.5-13,9,4,0
2,12.5-13,9,5,1
2,12.5-13,9,6,1
2,12.5-13,9,7,1
2,13-13.5,10,0,0
2,13-13.5,10,1,2
2,13-13.5,10,2,0
2,13-13.5,10,3,0
2,13-13.5,10,4,0
2,13-13.5,10,5,1
2,13-13.5,10,6,1
2,13-13.5,10,7,1
2,13.5-14,11,0,0
2,13.5-14,11,1,1
2,13.5-14,11,2,1
2,13.5-14,11,3,0
2,13.5-14,11,4,1
2,13.5-14,11,5,1
2,13.5-14,11,6,0
2,13.5-14,11,7,0
2,14-14.5,12,0,0
2,14-14.5,12,1,1
2,14-14.5,12,2,1
2,14-14.5,12,3,0
2,14-14.5,12,4,1
2,14-14.5,12,5,1
2,14-14.5,12,6,0
2,14-14.5,12,7,0
2,14.5-15,13,0,0
2,14.5-15,13,1,1
2,14.5-15,13,2,0
2,14.5-15,13,3,1
2,14.5-15,13,4,0
2,14.5-15,13,5,0
2,14.5-15,13,6,0
2,14.5-15,13,7,0
2,15-15.5,14,0,0
2,15-15.5,14,1,1
2,15-15.5,14,2,0
2,15-15.5,14,3,1
2,15-15.5,14,4,0
2,15-15.5,14,5,0
2,15-15.5,14,6,0
2,15-15.5,14,7,0
2,15.5-16,15,0,0
2,15.5-16,15,1,1
2,15.5-16,15,2,1
2,15.5-16,15,3,1
2,15.5-16,15,4,1
2,15.5-16,15,5,1
2,15.5-16,15,6,1
2,15.5-16,15,7,1
2,16-16.5,16,0,0
2,16-16.5,16,1,1
2,16-16.5,16,2,1
2,16-16.5,16,3,1
2,16-16.5,16,4,1
2,16-16.5,16,5,1
2,16-16.5,16,6,1
2,16-16.5,16,7,1
2,16.5-17,17,0,0
2,16.5-17,17,1,1
2,16.5-17,17,2,1
2,16.5-17,17,3,0
2,16.5-17,17,4,0
2,16.5-17,17,5,0
2,16.5-17,17,6,0
2,16.5-17,17,7,0
2,17-17.5,18,0,0
2,17-17.5,18,1,1
2,17-17.5,18,2,1
2,17-17.5,18,3,0
2,17-17.5,18,4,0
2,17-17.5,18,5,0
2,17-17.5,18,6,0
2,17-17.5,18,7,0
2,17.5-18,19,0,0
2,17.5-18,19,1,1
2,17.5-18,19,2,1
2,17.5-18,19,3,1
2,17.5-18,19,4,1
2,17.5-18,19,5,1
2,17.5-18,19,6,1
2,17.5-18,19,7,1
2,18-18.5,20,0,0
2,18-18.5,20,1,1
2,18-18.5,20,2,1
2,18-18.5,20,3,1
2,18-18.5,20,4,1
2,18-18.5,20,5,1
2,18-18.5,20,6,1
2,18-18.5,20,7,1
2,18.5-19,21,0,0
2,18.5-19,21,1,1
2,18.5-19,21,2,0
2,18.5-19,21,3,1
2,18.5-19,21,4,0
2,18.5-19,21,5,0
2,18.5-19,21,6,0
2,18.5-19,21,7,0
2,19-19.5,22,0,0
2,19-19.5,22,1,1
2,19-19.5,22,2,0
2,19-19.5,22,3,1
2,19-19.5,22,4,0
2,19-19.5,22,5,0
2,19-19.5,22,6,0
2,19-19.5,22,7,0
2,19.5-20,23,0,0
2,19.5-20,23,1,1
2,19.5-20,23,2,0
2,19.5-20,23,3,1
2,19.5-20,23,4,0
2,19.5-20,23,5,0
2,19.5-20,23,6,0
2,19.5-20,23,7,0
2,20-20.5,24,0,0
2,20-20.5,24,1,1
2,20-20.5,24,2,0
2,20-20.5,24,3,1
2,20-20.5,24,4,0
2,20-20.5,24,5,0
2,20-20.5,24,6,0
2,20-20.5,24,7,0
2,20.5-21,25,0,0
2,20.5-21,25,1,1
2,20.5-21,25,2,1
2,20.5-21,25,3,0
2,20.5-21,25,4,0
2,20.5-21,25,5,0
2,20.5-21,25,6,0
2,20.5-21,25,7,0
2,21-21.5,26,0,0
2,21-21.5,26,1,1
2,21-21.5,26,2,1
2,21-21.5,26,3,0
2,21-21.5,26,4,0
2,21-21.5,26,5,0
2,21-21.5,26,6,0
2,21-21.5,26,7,0
2,21.5-22,27,0,0
2,21.5-22,27,1,1
2,21.5-22,27,2,1
2,21.5-22,27,3,0
2,21.5-22,27,4,0
2,21.5-22,27,5,0
2,21.5-22,27,6,0
2,21.5-22,27,7,0
2,22-22.5,28,0,0
2,22-22.5,28,1,1
2,22-22.5,28,2,1
2,22-22.5,28,3,0
2,22-22.5,28,4,0
2,22-22.5,28,5,0
2,22-22.5,28,6,0
2,22-22.5,28,7,0
2,22.5-23,29,0,0
2,22.5-23,29,1,0
2,22.5-23,29,2,0
2,22.5-23,29,3,0
2,22.5-23,29,4,0
2,22.5-23,29,5,0
2,22.5-23,29,6,0
2,22.5-23,29,7,0
3,8-8.5,0,0,0
3,8-8.5,0,1,0
3,8-8.5,0,2,0
3,8-8.5,0,3,0
3,8-8.5,0,4,0
3,8-8.5,0,5,0
3,8-8.5,0,6,0
3,8-8.5,0,7,0
3,8.5-9,1,0,0
3,8.5-9,1,1,1
3,8.5-9,1,2,1
3,8.5-9,1,3,0
3,8.5-9,1,4,0
3,8.5-9,1,5,0
3,8.5-9,1,6,0
3,8.5-9,1,7,0
3,9-9.5,2,0,0
3,9-9.5,2,1,1
3,9-9.5,2,2,1
3,9-9.5,2,3,0
3,9-9.5,2,4,0
3,9-9.5,2,5,0
3,9-9.5,2,6,0
3,9-9.5,2,7,0
3,9.5-10,3,0,0
3,9.5-10,3,1,1
3,9.5-10,3,2,1
3,9.5-10,3,3,0
3,9.5-10,3,4,0
3,9.5-10,3,5,0
3,9.5-10,3,6,0
3,9.5-10,3,7,0
3,10-10.5,4,0,0
3,10-10.5,4,1,1
3,10-10.5,4,2,1
3,10-10.5,4,3,0
3,10-10.5,4,4,0
3,10-10.5,4,5,0
3,10-10.5,4,6,0
3,10-10.5,4,7,0
3,10.5-11,5,0,0
3,10.5-11,5,1,1
3,10.5-11,5,2,1
3,10.5-11,5,3,1
3,10.5-11,5,4,1
3,10.5-11,5,5,1
3,10.5-11,5,6,1
3,10.5-11,5,7,1
3,11-11.5,6,0,0
3,11-11.5,6,1,1
3,11-11.5,6,2,1
3,11-11.5,6,3,1
3,11-11.5,6,4,1
3,11-11.5,6,5,1
3,11-11.5,6,6,1
3,11-11.5,6,7,1
3,11.5-12,7,0,0
3,11.5-12,7,1,1
3,11.5-12,7,2,0
3,11.5-12,7,3,1
3,11.5-12,7,4,0
3,11.5-12,7,5,0
3,11.5-12,7,6,0
3,11.5-12,7,7,0
3,12-12.5,8,0,0
3,12-12.5,8,1,1
3,12-12.5,8,2,0
3,12-12.5,8,3,1
3,12-12.5,8,4,0
3,12-12.5,8,5,0
3,12-12.5,8,6,0
3,12-12.5,8,7,0
3,12.5-13,9,0,0
3,12.5-13,9,1,1
3,12.5-13,9,2,0
3,12.5-13,9,3,0
3,12.5-13,9,4,1
3,12.5-13,9,5,1
3,12.5-13,9,6,1
3,12.5-13,9,7,1
3,13-13.5,10,0,0
3,13-13.5,10,1,1
3,13-13.5,10,2,0
3,13-13.5,10,3,0
3,13-13.5,10,4,1
3,13-13.5,10,5,1
3,13-13.5,10,6,1
3,13-13.5,10,7,1
3,13.5-14,11,0,0
3,13.5-14,11,1,1
3,13.5-14,11,2,1
3,13.5-14,11,3,0
3,13.5-14,11,4,1
3,13.5-14,11,5,1
3,13.5-14,11,6,0
3,13.5-14,11,7,0
3,14-14.5,12,0,0
3,14-14.5,12,1,1
3,14-14.5,12,2,1
3,14-14.5,12,3,0
3,14-14.5,12,4,1
3,14-14.5,12,5,1
3,14-14.5,12,6,0
3,14-14.5,12,7,0
3,14.5-15,13,0,0
3,14.5-15,13,1,1
3,14.5-15,13,2,1
3,14.5-15,13,3,1
3,14.5-15,13,4,1
3,14.5-15,13,5,0
3,14.5-15,13,6,0
3,14.5-15,13,7,0
3,15-15.5,14,0,0
3,15-15.5,14,1,1
3,15-15.5,14,2,1
3,15-15.5,14,3,1
3,15-15.5,14,4,1
3,15-15.5,14,5,0
3,15-15.5,14,6,0
3,15-15.5,14,7,0
3,15.5-16,15,0,0
3,15.5-16,15,1,1
3,15.5-16,15,2,0
3,15.5-16,15,3,1
3,15.5-16,15,4,0
3,15.5-16,15,5,0
3,15.5-16,15,6,0
3,15.5-16,15,7,0
3,16-16.5,16,0,0
3,16-16.5,16,1,1
3,16-16.5,16,2,0
3,16-16.5,16,3,1
3,16-16.5,16,4,0
3,16-16.5,16,5,0
3,16-16.5,16,6,0
3,16-16.5,16,7,0
3,16.5-17,17,0,0
3,16.5-17,17,1,1
3,16.5-17,17,2,1
3,16.5-17,17,3,1
3,16.5-17,17,4,1
3,16.5-17,17,5,1
3,16.5-17,17,6,1
3,16.5-17,17,7,1
3,17-17.5,18,0,0
3,17-17.5,18,1,1
3,17-17.5,18,2,1
3,17-17.5,18,3,1
3,17-17.5,18,4,1
3,17-17.5,18,5,1
3,17-17.5,18,6,1
3,17-17.5,18,7,1
3,17.5-18,19,0,0
3,17.5-18,19,1,1
3,17.5-18,19,2,1
3,17.5-18,19,3,0
3,17.5-18,19,4,0
3,17.5-18,19,5,0
3,17.5-18,19,6,0
3,17.5-18,19,7,0
3,18-18.5,20,0,0
3,18-18.5,20,1,1
3,18-18.5,20,2,1
3,18-18.5,20,3,0
3,18-18.5,20,4,0
3,18-18.5,20,5,0
3,18-18.5,20,6,0
3,18-18.5,20,7,0
3,18.5-19,21,0,0
3,18.5-19,21,1,1
3,18.5-19,21,2,1
3,18.5-19,21,3,0
3,18.5-19,21,4,0
3,18.5-19,21,5,0
3,18.5-19,21,6,0
3,18.5-19,21,7,0
3,19-19.5,22,0,0
3,19-19.5,22,1,1
3,19-19.5,22,2,1
3,19-19.5,22,3,0
3,19-19.5,22,4,0
3,19-19.5,22,5,0
3,19-19.5,22,6,0
3,19-19.5,22,7,0
3,19.5-20,23,0,0
3,19.5-20,23,1,1
3,19.5-20,23,2,1
3,19.5-20,23,3,0
3,19.5-20,23,4,0
3,19.5-20,23,5,0
3,19.5-20,23,6,0
3,19.5-20,23,7,0
3,20-20.5,24,0,0
3,20-20.5,24,1,1
3,20-20.5,24,2,1
3,20-20.5,24,3,0
3,20-20.5,24,4,0
3,20-20.5,24,5,0
3,20-20.5,24,6,0
3,20-20.5,24,7,0
3,20.5-21,25,0,0
3,20.5-21,25,1,1
3,20.5-21,25,2,1
3,20.5-21,25,3,0
3,20.5-21,25,4,0
3,20.5-21,25,5,0
3,20.5-21,25,6,0
3,20.5-21,25,7,0
3,21-21.5,26,0,0
3,21-21.5,26,1,1
3,21-21.5,26,2,1
3,21-21.5,26,3,0
3,21-21.5,26,4,0
3,21-21.5,26,5,0
3,21-21.5,26,6,0
3,21-21.5,26,7,0
3,21.5-22,27,0,0
3,21.5-22,27,1,0
3,21.5-22,27,2,0
3,21.5-22,27,3,0
3,21.5-22,27,4,0
3,21.5-22,27,5,0
3,21.5-22,27,6,0
3,21.5-22,27,7,0
3,22-22.5,28,0,0
3,22-22.5,28,1,0
3,22-22.5,28,2,0
3,22-22.5,28,3,0
3,22-22.5,28,4,0
3,22-22.5,28,5,0
3,22-22.5,28,6,0
3,22-22.5,28,7,0
3,22.5-23,29,0,0
3,22.5-23,29,1,0
3,22.5-23,29,2,0
3,22.5-23,29,3,0
3,22.5-23,29,4,0
3,22.5-23,29,5,0
3,22.5-23,29,6,0
3,22.5-23,29,7,0
4,8-8.5,0,0,0
4,8-8.5,0,1,0
4,8-8.5,0,2,0
4,8-8.5,0,3,0
4,8-8.5,0,4,0
4,8-8.5,0,5,0
4,8-8.5,0,6,0
4,8-8.5,0,7,0
4,8.5-9,1,0,0
4,8.5-9,1,1,1
4,8.5-9,1,2,1
4,8.5-9,1,3,0
4,8.5-9,1,4,0
4,8.5-9,1,5,0
4,8.5-9,1,6,0
4,8.5-9,1,7,0
4,9-9.5,2,0,0
4,9-9.5,2,1,1
4,9-9.5,2,2,1
4,9-9.5,2,3,0
4,9-9.5,2,4,0
4,9-9.5,2,5,0
4,9-9.5,2,6,0
4,9-9.5,2,7,0
4,9.5-10,3,0,0
4,9.5-10,3,1,1
4,9.5-10,3,2,1
4,9.5-10,3,3,0
4,9.5-10,3,4,0
4,9.5-10,3,5,0
4,9.5-10,3,6,0
4,9.5-10,3,7,0
4,10-10.5,4,0,0
4,10-10.5,4,1,1
4,10-10.5,4,2,1
4,10-10.5,4,3,0
4,10-10.5,4,4,0
4,10-10.5,4,5,0
4,10-10.5,4,6,0
4,10-10.5,4,7,0
4,10.5-11,5,0,0
4,10.5-11,5,1,1
4,10.5-11,5,2,1
4,10.5-11,5,3,0
4,10.5-11,5,4,0
4,10.5-11,5,5,0
4,10.5-11,5,6,0
4,10.5-11,5,7,0
4,11-11.5,6,0,0
4,11-11.5,6,1,1
4,11-11.5,6,2,1
4,11-11.5,6,3,0
4,11-11.5,6,4,0
4,11-11.5,6,5,0
4,11-11.5,6,6,0
4,11-11.5,6,7,0
4,11.5-12,7,0,0
4,11.5-12,7,1,1
4,11.5-12,7,2,1
4,11.5-12,7,3,1
4,11.5-12,7,4,1
4,11.5-12,7,5,1
4,11.5-12,7,6,1
4,11.5-12,7,7,1
4,12-12.5,8,0,0
4,12-12.5,8,1,1
4,12-12.5,8,2,1
4,12-12.5,8,3,1
4,12-12.5,8,4,1
4,12-12.5,8,5,1
4,12-12.5,8,6,1
4,12-12.5,8,7,1
4,12.5-13,9,0,0
4,12.5-13,9,1,1
4,12.5-13,9,2,1
4,12.5-13,9,3,1
4,12.5-13,9,4,0
4,12.5-13,9,5,0
4,12.5-13,9,6,0
4,12.5-13,9,7,0
4,13-13.5,10,0,0
4,13-13.5,10,1,1
4,13-13.5,10,2,1
4,13-13.5,10,3,1
4,13-13.5,10,4,0
4,13-13.5,10,5,0
4,13-13.5,10,6,0
4,13-13.5,10,7,0
4,13.5-14,11,0,0
4,13.5-14,11,1,1
4,13.5-14,11,2,1
4,13.5-14,11,3,1
4,13.5-14,11,4,1
4,13.5-14,11,5,0
4,13.5-14,11,6,0
4,13.5-14,11,7,0
4,14-14.5,12,0,0
4,14-14.5,12,1,1
4,14-14.5,12,2,1
4,14-14.5,12,3,1
4,14-14.5,12,4,1
4,14-14.5,12,5,0
4,14-14.5,12,6,0
4,14-14.5,12,7,0
4,14.5-15,13,0,0
4,14.5-15,13,1,1
4,14.5-15,13,2,1
4,14.5-15,13,3,1
4,14.5-15,13,4,0
4,14.5-15,13,5,0
4,14.5-15,13,6,0
4,14.5-15,13,7,0
4,15-15.5,14,0,0
4,15-15.5,14,1,1
4,15-15.5,14,2,1
4,15-15.5,14,3,1
4,15-15.5,14,4,0
4,15-15.5,14,5,0
4,15-15.5,14,6,0
4,15-15.5,14,7,0
4,15.5-16,15,0,0
4,15.5-16,15,1,1
4,15.5-16,15,2,1
4,15.5-16,15,3,1
4,15.5-16,15,4,1
4,15.5-16,15,5,1
4,15.5-16,15,6,1
4,15.5-16,15,7,1
4,16-16.5,16,0,0
4,16-16.5,16,1,1
4,16-16.5,16,2,1
4,16-16.5,16,3,1
4,16-16.5,16,4,1
4,16-16.5,16,5,1
4,16-16.5,16,6,1
4,16-16.5,16,7,1
4,16.5-17,17,0,0
4,16.5-17,17,1,1
4,16.5-17,17,2,1
4,16.5-17,17,3,1
4,16.5-17,17,4,1
4,16.5-17,17,5,1
4,16.5-17,17,6,1
4,16.5-17,17,7,1
4,17-17.5,18,0,0
4,17-17.5,18,1,1
4,17-17.5,18,2,1
4,17-17.5,18,3,1
4,17-17.5,18,4,1
4,17-17.5,18,5,1
4,17-17.5,18,6,1
4,17-17.5,18,7,1
4,17.5-18,19,0,0
4,17.5-18,19,1,1
4,17.5-18,19,2,1
4,17.5-18,19,3,0
4,17.5-18,19,4,0
4,17.5-18,19,5,0
4,17.5-18,19,6,0
4,17.5-18,19,7,0
4,18-18.5,20,0,0
4,18-18.5,20,1,1
4,18-18.5,20,2,1
4,18-18.5,20,3,0
4,18-18.5,20,4,0
4,18-18.5,20,5,0
4,18-18.5,20,6,0
4,18-18.5,20,7,0
4,18.5-19,21,0,0
4,18.5-19,21,1,1
4,18.5-19,21,2,1
4,18.5-19,21,3,0
4,18.5-19,21,4,0
4,18.5-19,21,5,0
4,18.5-19,21,6,0
4,18.5-19,21,7,0
4,19-19.5,22,0,0
4,19-19.5,22,1,1
4,19-19.5,22,2,1
4,19-19.5,22,3,0
4,19-19.5,22,4,0
4,19-19.5,22,5,0
4,19-19.5,22,6,0
4,19-19.5,22,7,0
4,19.5-20,23,0,0
4,19.5-20,23,1,1
4,19.5-20,23,2,1
4,19.5-20,23,3,0
4,19.5-20,23,4,0
4,19.5-20,23,5,0
4,19.5-20,23,6,0
4,19.5-20,23,7,0
4,20-20.5,24,0,0
4,20-20.5,24,1,1
4,20-20.5,24,2,1
4,20-20.5,24,3,0
4,20-20.5,24,4,0
4,20-20.5,24,5,0
4,20-20.5,24,6,0
4,20-20.5,24,7,0
4,20.5-21,25,0,0
4,20.5-21,25,1,0
4,20.5-21,25,2,0
4,20.5-21,25,3,0
4,20.5-21,25,4,0
4,20.5-21,25,5,0
4,20.5-21,25,6,0
4,20.5-21,25,7,0
4,21-21.5,26,0,0
4,21-21.5,26,1,0
4,21-21.5,26,2,0
4,21-21.5,26,3,0
4,21-21.5,26,4,0
4,21-21.5,26,5,0
4,21-21.5,26,6,0
4,21-21.5,26,7,0
4,21.5-22,27,0,0
4,21.5-22,27,1,0
4,21.5-22,27,2,0
4,21.5-22,27,3,0
4,21.5-22,27,4,0
4,21.5-22,27,5,0
4,21.5-22,27,6,0
4,21.5-22,27,7,0
4,22-22.5,28,0,0
4,22-22.5,28,1,0
4,22-22.5,28,2,0
4,22-22.5,28,3,0
4,22-22.5,28,4,0
4,22-22.5,28,5,0
4,22-22.5,28,6,0
4,22-22.5,28,7,0
4,22.5-23,29,0,0
4,22.5-23,29,1,0
4,22.5-23,29,2,0
4,22.5-23,29,3,0
4,22.5-23,29,4,0
4,22.5-23,29,5,0
4,22.5-23,29,6,0
4,22.5-23,29,7,0
5,8-8.5,0,0,0
5,8-8.5,0,1,1
5,8-8.5,0,2,1
5,8-8.5,0,3,0
5,8-8.5,0,4,0
5,8-8.5,0,5,0
5,8-8.5,0,6,0
5,8-8.5,0,7,0
5,8.5-9,1,0,0
5,8.5-9,1,1,1
5,8.5-9,1,2,1
5,8.5-9,1,3,0
5,8.5-9,1,4,0
5,8.5-9,1,5,0
5,8.5-9,1,6,0
5,8.5-9,1,7,0
5,9-9.5,2,0,0
5,9-9.5,2,1,1
5,9-9.5,2,2,1
5,9-9.5,2,3,0
5,9-9.5,2,4,0
5,9-9.5,2,5,0
5,9-9.5,2,6,0
5,9-9.5,2,7,0
5,9.5-10,3,0,0
5,9.5-10,3,1,1
5,9.5-10,3,2,1
5,9.5-10,3,3,0
5,9.5-10,3,4,0
5,9.5-10,3,5,0
5,9.5-10,3,6,0
5,9.5-10,3,7,0
5,10-10.5,4,0,0
5,10-10.5,4,1,1
5,10-10.5,4,2,1
5,10-10.5,4,3,0
5,10-10.5,4,4,0
5,10-10.5,4,5,0
5,10-10.5,4,6,0
5,10-10.5,4,7,0
5,10.5-11,5,0,0
5,10.5-11,5,1,1
5,10.5-11,5,2,1
5,10.5-11,5,3,0
5,10.5-11,5,4,0
5,10.5-11,5,5,0
5,10.5-11,5,6,0
5,10.5-11,5,7,0
5,11-11.5,6,0,0
5,11-11.5,6,1,1
5,11-11.5,6,2,1
5,11-11.5,6,3,0
5,11-11.5,6,4,0
5,11-11.5,6,5,0
5,11-11.5,6,6,0
5,11-11.5,6,7,0
5,11.5-12,7,0,0
5,11.5-12,7,1,1
5,11.5-12,7,2,0
5,11.5-12,7,3,1
5,11.5-12,7,4,0
5,11.5-12,7,5,0
5,11.5-12,7,6,0
5,11.5-12,7,7,0
5,12-12.5,8,0,0
5,12-12.5,8,1,1
5,12-12.5,8,2,0
5,12-12.5,8,3,1
5,12-12.5,8,4,0
5,12-12.5,8,5,0
5,12-12.5,8,6,0
5,12-12.5,8,7,0
5,12.5-13,9,0,0
5,12.5-13,9,1,1
5,12.5-13,9,2,0
5,12.5-13,9,3,0
5,12.5-13,9,4,1
5,12.5-13,9,5,1
5,12.5-13,9,6,1
5,12.5-13,9,7,1
5,13-13.5,10,0,0
5,13-13.5,10,1,1
5,13-13.5,10,2,0
5,13-13.5,10,3,0
5,13-13.5,10,4,1
5,13-13.5,10,5,1
5,13-13.5,10,6,1
5,13-13.5,10,7,1
5,13.5-14,11,0,0
5,13.5-14,11,1,1
5,13.5-14,11,2,1
5,13.5-14,11,3,1
5,13.5-14,11,4,1
5,13.5-14,11,5,0
5,13.5-14,11,6,0
5,13.5-14,11,7,0
5,14-14.5,12,0,0
5,14-14.5,12,1,1
5,14-14.5,12,2,1
5,14-14.5,12,3,1
5,14-14.5,12,4,1
5,14-14.5,12,5,0
5,14-14.5,12,6,0
5,14-14.5,12,7,0
5,14.5-15,13,0,0
5,14.5-15,13,1,1
5,14.5-15,13,2,0
5,14.5-15,13,3,1
5,14.5-15,13,4,0
5,14.5-15,13,5,0
5,14.5-15,13,6,0
5,14.5-15,13,7,0
5,15-15.5,14,0,0
5,15-15.5,14,1,1
5,15-15.5,14,2,0
5,15-15.5,14,3,1
5,15-15.5,14,4,0
5,15-15.5,14,5,0
5,15-15.5,14,6,0
5,15-15.5,14,7,0
5,15.5-16,15,0,0
5,15.5-16,15,1,1
5,15.5-16,15,2,1
5,15.5-16,15,3,0
5,15.5-16,15,4,0
5,15.5-16,15,5,0
5,15.5-16,15,6,0
5,15.5-16,15,7,0
5,16-16.5,16,0,0
5,16-16.5,16,1,1
5,16-16.5,16,2,1
5,16-16.5,16,3,0
5,16-16.5,16,4,0
5,16-16.5,16,5,0
5,16-16.5,16,6,0
5,16-16.5,16,7,0
5,16.5-17,17,0,0
5,16.5-17,17,1,1
5,16.5-17,17,2,1
5,16.5-17,17,3,0
5,16.5-17,17,4,0
5,16.5-17,17,5,0
5,16.5-17,17,6,0
5,16.5-17,17,7,0
5,17-17.5,18,0,0
5,17-17.5,18,1,1
5,17-17.5,18,2,1
5,17-17.5,18,3,0
5,17-17.5,18,4,0
5,17-17.5,18,5,0
5,17-17.5,18,6,0
5,17-17.5,18,7,0
5,17.5-18,19,0,0
5,17.5-18,19,1,1
5,17.5-18,19,2,1
5,17.5-18,19,3,0
5,17.5-18,19,4,0
5,17.5-18,19,5,0
5,17.5-18,19,6,0
5,17.5-18,19,7,0
5,18-18.5,20,0,0
5,18-18.5,20,1,1
5,18-18.5,20,2,1
5,18-18.5,20,3,0
5,18-18.5,20,4,0
5,18-18.5,20,5,0
5,18-18.5,20,6,0
5,18-18.5,20,7,0
5,18.5-19,21,0,0
5,18.5-19,21,1,1
5,18.5-19,21,2,1
5,18.5-19,21,3,0
5,18.5-19,21,4,0
5,18.5-19,21,5,0
5,18.5-19,21,6,0
5,18.5-19,21,7,0
5,19-19.5,22,0,0
5,19-19.5,22,1,1
5,19-19.5,22,2,1
5,19-19.5,22,3,0
5,19-19.5,22,4,0
5,19-19.5,22,5,0
5,19-19.5,22,6,0
5,19-19.5,22,7,0
5,19.5-20,23,0,0
5,19.5-20,23,1,1
5,19.5-20,23,2,1
5,19.5-20,23,3,0
5,19.5-20,23,4,0
5,19.5-20,23,5,0
5,19.5-20,23,6,0
5,19.5-20,23,7,0
5,20-20.5,24,0,0
5,20-20.5,24,1,1
5,20-20.5,24,2,1
5,20-20.5,24,3,0
5,20-20.5,24,4,0
5,20-20.5,24,5,0
5,20-20.5,24,6,0
5,20-20.5,24,7,0
5,20.5-21,25,0,0
5,20.5-21,25,1,1
5,20.5-21,25,2,1
5,20.5-21,25,3,0
5,20.5-21,25,4,0
5,20.5-21,25,5,0
5,20.5-21,25,6,0
5,20.5-21,25,7,0
5,21-21.5,26,0,0
5,21-21.5,26,1,1
5,21-21.5,26,2,1
5,21-21.5,26,3,0
5,21-21.5,26,4,0
5,21-21.5,26,5,0
5,21-21.5,26,6,0
5,21-21.5,26,7,0
5,21.5-22,27,0,0
5,21.5-22,27,1,1
5,21.5-22,27,2,1
5,21.5-22,27,3,0
5,21.5-22,27,4,0
5,21.5-22,27,5,0
5,21.5-22,27,6,0
5,21.5-22,27,7,0
5,22-22.5,28,0,0
5,22-22.5,28,1,1
5,22-22.5,28,2,1
5,22-22.5,28,3,0
5,22-22.5,28,4,0
5,22-22.5,28,5,0
5,22-22.5,28,6,0
5,22-22.5,28,7,0
5,22.5-23,29,0,0
5,22.5-23,29,1,0
5,22.5-23,29,2,0
5,22.5-23,29,3,0
5,22.5-23,29,4,0
5,22.5-23,29,5,0
5,22.5-23,29,6,0
5,22.5-23,29,7,0
6,8-8.5,0,0,0
6,8-8.5,0,1,1
6,8-8.5,0,2,1
6,8-8.5,0,3,0
6,8-8.5,0,4,0
6,8-8.5,0,5,0
6,8-8.5,0,6,0
6,8-8.5,0,7,0
6,8.5-9,1,0,0
6,8.5-9,1,1,1
6,8.5-9,1,2,1
6,8.5-9,1,3,0
6,8.5-9,1,4,0
6,8.5-9,1,5,0
6,8.5-9,1,6,0
6,8.5-9,1,7,0
6,9-9.5,2,0,0
6,9-9.5,2,1,1
6,9-9.5,2,2,1
6,9-9.5,2,3,0
6,9-9.5,2,4,0
6,9-9.5,2,5,0
6,9-9.5,2,6,0
6,9-9.5,2,7,0
6,9.5-10,3,0,0
6,9.5-10,3,1,1
6,9.5-10,3,2,1
6,9.5-10,3,3,0
6,9.5-10,3,4,0
6,9.5-10,3,5,0
6,9.5-10,3,6,0
6,9.5-10,3,7,0
6,10-10.5,4,0,0
6,10-10.5,4,1,1
6,10-10.5,4,2,1
6,10-10.5,4,3,0
6,10-10.5,4,4,0
6,10-10.5,4,5,0
6,10-10.5,4,6,0
6,10-10.5,4,7,0
6,10.5-11,5,0,0
6,10.5-11,5,1,1
6,10.5-11,5,2,1
6,10.5-11,5,3,0
6,10.5-11,5,4,0
6,10.5-11,5,5,0
6,10.5-11,5,6,0
6,10.5-11,5,7,0
6,11-11.5,6,0,0
6,11-11.5,6,1,1
6,11-11.5,6,2,1
6,11-11.5,6,3,0
6,11-11.5,6,4,0
6,11-11.5,6,5,0
6,11-11.5,6,6,0
6,11-11.5,6,7,0
6,11.5-12,7,0,0
6,11.5-12,7,1,1
6,11.5-12,7,2,0
6,11.5-12,7,3,1
6,11.5-12,7,4,0
6,11.5-12,7,5,0
6,11.5-12,7,6,0
6,11.5-12,7,7,0
6,12-12.5,8,0,0
6,12-12.5,8,1,1
6,12-12.5,8,2,0
6,12-12.5,8,3,1
6,12-12.5,8,4,0
6,12-12.5,8,5,0
6,12-12.5,8,6,0
6,12-12.5,8,7,0
6,12.5-13,9,0,0
6,12.5-13,9,1,1
6,12.5-13,9,2,0
6,12.5-13,9,3,0
6,12.5-13,9,4,1
6,12.5-13,9,5,1
6,12.5-13,9,6,1
6,12.5-13,9,7,1
6,13-13.5,10,0,0
6,13-13.5,10,1,1
6,13-13.5,10,2,0
6,13-13.5,10,3,0
6,13-13.5,10,4,1
6,13-13.5,10,5,1
6,13-13.5,10,6,1
6,13-13.5,10,7,1
6,13.5-14,11,0,0
6,13.5-14,11,1,1
6,13.5-14,11,2,1
6,13.5-14,11,3,1
6,13.5-14,11,4,1
6,13.5-14,11,5,0
6,13.5-14,11,6,0
6,13.5-14,11,7,0
6,14-14.5,12,0,0
6,14-14.5,12,1,1
6,14-14.5,12,2,1
6,14-14.5,12,3,1
6,14-14.5,12,4,1
6,14-14.5,12,5,0
6,14-14.5,12,6,0
6,14-14.5,12,7,0
6,14.5-15,13,0,0
6,14.5-15,13,1,1
6,14.5-15,13,2,0
6,14.5-15,13,3,1
6,14.5-15,13,4,0
6,14.5-15,13,5,0
6,14.5-15,13,6,0
6,14.5-15,13,7,0
6,15-15.5,14,0,0
6,15-15.5,14,1,1
6,15-15.5,14,2,0
6,15-15.5,14,3,1
6,15-15.5,14,4,0
6,15-15.5,14,5,0
6,15-15.5,14,6,0
6,15-15.5,14,7,0
6,15.5-16,15,0,0
6,15.5-16,15,1,1
6,15.5-16,15,2,1
6,15.5-16,15,3,0
6,15.5-16,15,4,0
6,15.5-16,15,5,0
6,15.5-16,15,6,0
6,15.5-16,15,7,0
6,16-16.5,16,0,0
6,16-16.5,16,1,1
6,16-16.5,16,2,1
6,16-16.5,16,3,0
6,16-16.5,16,4,0
6,16-16.5,16,5,0
6,16-16.5,16,6,0
6,16-16.5,16,7,0
6,16.5-17,17,0,0
6,16.5-17,17,1,1
6,16.5-17,17,2,1
6,16.5-17,17,3,0
6,16.5-17,17,4,0
6,16.5-17,17,5,0
6,16.5-17,17,6,0
6,16.5-17,17,7,0
6,17-17.5,18,0,0
6,17-17.5,18,1,1
6,17-17.5,18,2,1
6,17-17.5,18,3,0
6,17-17.5,18,4,0
6,17-17.5,18,5,0
6,17-17.5,18,6,0
6,17-17.5,18,7,0
6,17.5-18,19,0,0
6,17.5-18,19,1,1
6,17.5-18,19,2,1
6,17.5-18,19,3,0
6,17.5-18,19,4,0
6,17.5-18,19,5,0
6,17.5-18,19,6,0
6,17.5-18,19,7,0
6,18-18.5,20,0,0
6,18-18.5,20,1,1
6,18-18.5,20,2,1
6,18-18.5,20,3,0
6,18-18.5,20,4,0
6,18-18.5,20,5,0
6,18-18.5,20,6,0
6,18-18.5,20,7,0
6,18.5-19,21,0,0
6,18.5-19,21,1,1
6,18.5-19,21,2,0
6,18.5-19,21,3,1
6,18.5-19,21,4,0
6,18.5-19,21,5,0
6,18.5-19,21,6,0
6,18.5-19,21,7,0
6,19-19.5,22,0,0
6,19-19.5,22,1,1
6,19-19.5,22,2,0
6,19-19.5,22,3,1
6,19-19.5,22,4,0
6,19-19.5,22,5,0
6,19-19.5,22,6,0
6,19-19.5,22,7,0
6,19.5-20,23,0,0
6,19.5-20,23,1,1
6,19.5-20,23,2,0
6,19.5-20,23,3,1
6,19.5-20,23,4,0
6,19.5-20,23,5,0
6,19.5-20,23,6,0
6,19.5-20,23,7,0
6,20-20.5,24,0,0
6,20-20.5,24,1,1
6,20-20.5,24,2,0
6,20-20.5,24,3,1
6,20-20.5,24,4,0
6,20-20.5,24,5,0
6,20-20.5,24,6,0
6,20-20.5,24,7,0
6,20.5-21,25,0,0
6,20.5-21,25,1,1
6,20.5-21,25,2,1
6,20.5-21,25,3,0
6,20.5-21,25,4,0
6,20.5-21,25,5,0
6,20.5-21,25,6,0
6,20.5-21,25,7,0
6,21-21.5,26,0,0
6,21-21.5,26,1,1
6,21-21.5,26,2,1
6,21-21.5,26,3,0
6,21-21.5,26,4,0
6,21-21.5,26,5,0
6,21-21.5,26,6,0
6,21-21.5,26,7,0
6,21.5-22,27,0,0
6,21.5-22,27,1,1
6,21.5-22,27,2,1
6,21.5-22,27,3,0
6,21.5-22,27,4,0
6,21.5-22,27,5,0
6,21.5-22,27,6,0
6,21.5-22,27,7,0
6,22-22.5,28,0,0
6,22-22.5,28,1,1
6,22-22.5,28,2,1
6,22-22.5,28,3,0
6,22-22.5,28,4,0
6,22-22.5,28,5,0
6,22-22.5,28,6,0
6,22-22.5,28,7,0
6,22.5-23,29,0,0
6,22.5-23,29,1,1
6,22.5-23,29,2,1
6,22.5-23,29,3,0
6,22.5-23,29,4,0
6,22.5-23,29,5,0
6,22.5-23,29,6,0
6,22.5-23,29,7,0

